18200 18000
4
1
2
3
4
195
Aanya Goyal
IND
20
1 1035 29 0 0 0
1 1432 0 0 0 0
1 1477 0 0 0 0
1 2612 0 0 0 0
1 2864 0 0 22 0
1 3251 29 34 22 15
2 3655 0 0 0 0 0
2 3732 8 0 0 0 0
2 4153 8 16 0 0 0
2 4489 0 0 28 0 0
2 4972 0 0 0 0 0
2 5221 8 16 0 18 0
3 5917 12 0 0 0 0
4 8198 0 0 0 0 0 0
4 10532 0 0 0 0 0 0
4 10965 0 0 0 0 0 0
4 11011 10 0 9 0 0 0
4 14005 0 0 0 13 0 0
4 14447 0 0 0 0 0 0
4 14489 0 0 0 0 12 0
Aanya Kaur Agrawal
SGP
18
1 748 29 0 0 0
1 1448 29 0 0 0
1 3961 29 34 22 15
2 5457 0 0 28 0 0
3 7757 12 0 0 0 0
2 8757 0 0 0 0 0
2 9130 8 0 0 0 0
2 9451 0 16 0 0 0
2 9742 0 0 0 18 0
2 10821 0 0 0 0 0
2 10988 0 0 0 0 0
2 11228 0 0 28 0 0
2 12623 0 0 0 0 0
2 13699 0 0 28 0 0
2 14219 8 16 0 0 0
2 14373 8 16 0 0 0
2 14802 8 16 28 18 30
3 17928 0 0 0 0 0
Agnes Tennisberg
EST
11
1 3003 0 0 0 0
1 3049 0 0 0 0
1 3144 0 0 0 0
2 6187 8 16 0 0 0
1 7410 29 34 22 15
3 8042 12 0 0 0 0
4 13600 0 0 0 0 0 0
4 13703 10 0 0 0 0 0
4 14720 10 0 9 0 0 0
2 15937 8 16 0 0 0
2 17150 8 16 0 0 0
Aiperi Akzholtoeva
KGZ
30
1 2676 29 34 0 0
2 3661 8 0 0 0 0
2 4260 0 0 0 0 0
2 4387 8 16 0 0 0
2 4682 0 0 0 0 0
3 5653 12 0 0 0 0
3 7385 0 0 0 0 0
3 7531 0 0 0 0 0
4 9059 0 0 0 0 0 0
1 9883 29 34 0 0
1 9960 0 34 0 0
1 10610 0 34 0 0
1 11028 0 34 0 0
1 13287 0 34 0 0
1 13701 29 34 0 0
2 13951 0 0 0 0 0
2 14148 0 0 0 0 0
2 14593 0 0 28 0 0
2 15082 8 0 0 0 0
2 15178 8 16 0 0 0
2 15328 8 16 0 0 0
3 15472 0 0 0 0 0
3 15551 0 0 0 0 0
3 15752 0 0 0 0 0
3 16130 0 0 0 0 0
3 16687 0 0 0 0 0
4 17036 0 0 0 0 0 0
4 17173 0 0 0 0 0 0
2 17586 8 16 0 0 0
1 17881 29 34 0 0
Aistė Savickaitė
LTU
44
1 1531 0 0 0 0
1 1706 0 34 0 0
1 2137 0 34 0 0
1 2745 0 34 0 0
1 2961 0 34 0 0
1 3051 0 0 0 0
1 3204 0 34 0 0
1 3698 0 0 0 0
2 4299 0 0 0 0 0
2 4443 0 0 0 0 0
1 6228 0 0 0 0
1 6734 0 0 0 0
2 7155 8 0 0 0 0
3 7919 12 0 0 0 0
4 9585 0 0 0 0 0 0
4 10412 0 0 0 0 0 0
4 10639 0 0 0 0 0 0
4 10910 0 0 0 0 0 0
1 12429 0 0 0 0
1 13350 0 0 0 0
1 13370 0 0 0 0
1 13396 0 0 0 0
2 14035 8 0 0 0 0
2 14267 8 16 0 0 0
2 15465 0 0 0 0 0
2 15867 0 0 0 0 0
2 16184 8 16 0 0 0
1 16838 0 0 0 0
2 16966 0 0 0 0 0
2 16992 0 0 0 0 0
2 17060 0 0 0 0 0
1 17165 0 0 0 0
1 17511 0 0 0 0
1 17531 0 0 0 0
1 17596 0 0 0 0
1 17612 0 0 0 0
1 17628 0 0 0 0
1 17639 0 0 0 0
1 17662 0 0 0 0
1 17715 0 0 0 0
1 17777 0 0 0 0
1 17925 0 0 0 0
1 17970 0 0 0 0
1 17998 0 0 0 0
Ajda Heric
SVN
20
1 1474 0 0 0 0
1 1936 0 0 0 0
1 2132 29 0 0 0
1 2987 0 0 0 0
1 3709 0 34 0 0
2 5305 0 0 0 0 0
2 5754 0 0 0 0 0
2 10208 0 0 0 0 0
2 10876 0 0 0 0 0
1 12315 0 34 0 0
1 12459 0 0 0 0
1 12755 29 34 22 15
2 13308 0 0 0 0 0
2 13860 0 0 0 0 0
2 14665 0 0 0 0 0
2 15589 0 0 0 0 0
2 15758 0 0 0 0 0
2 16058 0 0 0 0 0
2 16103 0 0 0 0 0
2 16172 0 0 0 0 0
Akari Fujii
JPN
25
1 1328 29 0 0 0
1 1684 0 0 0 0
1 1753 0 0 0 0
1 2239 0 0 0 0
2 4688 8 16 28 18 30
1 4914 0 0 0 0
1 5259 0 0 0 0
1 5823 0 0 0 0
1 6514 0 34 0 0
1 7784 29 34 22 0
1 8913 29 34 22 15
3 12117 0 0 0 23 0
3 12881 0 0 0 0 0
3 13267 0 0 0 0 0
3 13749 0 0 0 0 0
3 13799 0 0 0 0 0
3 13924 0 0 0 0 0
3 14231 12 0 0 0 0
3 15311 0 0 0 0 0
3 15388 0 0 0 0 0
3 15935 0 0 0 0 0
3 16000 0 0 0 0 0
4 17748 0 0 0 0 0 0
4 17827 0 0 0 0 0 0
4 17932 0 0 0 0 0 0
Aleksandra Streltsova
NOR
18
1 818 0 0 0 0
1 1946 29 0 22 0
1 2057 29 34 22 15
2 5157 0 0 0 0 0
2 5227 8 0 0 0 0
2 5850 0 0 28 0 0
3 6905 12 0 0 0 0
3 10307 0 0 0 0 0
3 10511 0 0 0 0 0
3 10579 0 0 0 0 0
3 12600 0 0 0 23 0
4 14668 0 0 0 0 0 0
4 14800 10 0 0 0 0 0
4 15205 0 0 0 0 0 0
4 15313 0 0 0 0 0 0
4 15417 0 0 9 0 0 0
2 16802 8 16 0 0 0
2 17613 8 16 0 0 0
Alexa Wu
AUS
13
1 1082 29 34 22 15
2 2023 0 16 0 0 0
2 3012 8 16 0 0 0
2 3364 8 16 28 18 30
3 5394 0 0 0 0 0
3 8740 0 0 0 0 0
3 9119 0 0 0 0 0
3 9692 0 0 0 23 0
3 10041 12 0 0 0 0
3 15098 0 0 0 0 0
3 15795 0 0 0 0 0
3 16138 0 0 0 0 0
3 17826 0 0 0 0 0
Alica Dományová
SVK
12
1 3399 0 0 0 0
2 7367 0 0 0 0 0
2 7767 0 0 0 0 0
2 7835 0 0 0 0 0
2 10219 0 0 0 0 0
2 10255 0 0 0 0 0
2 10718 0 16 0 0 0
2 11102 8 16 0 0 0
1 13658 29 0 0 0
1 14870 29 0 0 0
1 16686 29 0 0 0
1 17993 0 0 0 0
Alma Harbaš
BIH
31
1 1539 0 0 0 0
1 2538 29 34 22 15
2 4027 0 0 0 0 0
2 4426 0 0 0 0 0
2 4579 0 0 0 0 0
2 4641 0 0 0 0 0
2 4726 0 0 0 0 0
2 4778 0 0 0 0 0
2 5525 0 0 0 0 0
2 5857 0 0 0 0 0
2 6190 0 0 0 0 0
2 7850 0 0 0 0 0
3 10906 0 0 0 0 0
3 11230 0 0 0 0 0
3 11316 0 0 0 0 0
3 12080 0 0 0 0 0
3 12365 12 0 0 0 0
2 14075 0 0 0 0 0
2 14129 0 0 0 0 0
2 14597 0 0 0 0 0
2 14645 0 0 0 0 0
2 14689 0 0 0 0 0
2 14730 0 0 0 0 0
2 14816 0 0 0 0 0
2 14935 0 0 0 0 0
2 16078 0 0 0 0 0
2 16285 0 0 0 0 0
2 16351 0 0 0 0 0
2 16651 0 0 0 0 0
2 16699 0 0 0 0 0
3 17825 0 0 0 0 0
Alondra Valdivia Sánchez
MEX
13
1 5794 29 34 22 15
2 6430 0 0 0 0 0
2 6567 0 0 0 0 0
2 7293 0 0 0 0 0
2 7344 0 0 0 0 0
2 10646 0 0 28 0 0
3 11476 12 0 0 0 0
3 16719 0 0 0 0 0
2 16755 0 0 0 0 0
2 17175 0 0 0 0 0
2 17551 0 0 0 0 0
2 17677 0 0 0 0 0
2 17720 8 0 0 0 0
Ana Petcu
ROU
13
1 1632 29 34 22 15
2 7547 0 0 0 0 0
2 7900 8 16 28 18 30
3 12081 0 0 0 23 0
3 12352 12 0 0 0 0
4 14991 0 0 0 0 0 0
3 16245 0 0 0 0 0
4 16345 10 0 0 0 0 0
3 16393 12 0 0 0 0
3 16964 0 0 0 0 0
4 17012 0 0 0 0 0 0
4 17193 0 0 9 0 0 0
3 17818 0 0 0 23 0
Anastasia Corsac
MDA
7
1 3708 0 0 0 0
1 5514 29 0 0 0
2 14030 0 0 0 0 0
2 14748 0 0 0 0 0
2 14915 0 0 0 0 0
2 15034 0 0 0 0 0
2 15209 0 0 0 0 0
Anastasiia Saranchina
SWE
22
1 1023 0 0 0 0
1 1189 29 0 0 0
1 2166 29 0 0 0
1 2611 29 34 22 15
2 3870 8 16 28 18 30
3 6125 0 0 0 23 0
3 6275 12 0 0 0 0
3 9652 0 0 0 0 0
4 12043 10 0 0 0 0 0
4 12314 0 0 0 0 0 0
4 12546 0 0 9 0 0 0
3 12885 0 0 0 0 0
3 13321 0 0 0 0 0
3 13400 0 19 0 23 0
3 16405 0 0 27 23 0
4 16996 0 0 0 0 0 0
4 17088 0 0 0 0 0 0
4 17121 0 0 0 0 0 0
4 17173 0 0 0 0 0 0
4 17184 0 0 0 0 0 0
4 17196 0 0 0 0 0 0
4 17207 0 0 0 0 0 0
Andreea Șendrean
MDA
20
2 820 0 0 0 0 0
2 1226 8 0 0 0 0
1 3907 0 0 0 0
1 4245 0 0 0 0
1 4522 0 0 0 0
1 4884 0 0 0 0
1 5996 0 0 0 0
1 6561 29 0 0 0
1 11848 0 0 0 0
2 12562 0 0 0 0 0
2 12663 0 0 0 0 0
2 12747 0 0 0 0 0
1 13446 0 0 0 0
2 15346 0 0 0 0 0
2 15406 0 0 0 0 0
2 15450 0 0 0 0 0
2 15510 0 0 0 0 0
2 15626 0 0 0 0 0
4 15897 0 0 0 0 0 0
4 15950 0 0 0 0 0 0
Andriana Polymenaku
GRC
7
1 4281 29 0 0 0
1 5069 0 0 0 0
1 5193 0 0 0 0
2 6289 8 0 0 0 0
2 8836 8 16 0 0 0
2 10918 0 0 0 0 0
2 16002 0 0 0 0 0
Anh Linh Tran
CZE
7
1 1312 29 0 0 0
1 1747 0 0 0 0
1 8349 0 0 0 0
2 9047 8 0 0 0 0
3 11058 12 0 0 0 0
4 17448 0 0 0 0 0 0
4 17573 0 0 0 0 0 0
Anja Dožić
SRB
22
1 1100 29 34 22 15
2 5834 0 0 0 0 0
2 6166 8 0 0 0 0
2 6537 0 0 0 0 0
2 6787 8 16 0 0 0
2 10083 8 16 0 0 0
2 10646 0 0 0 0 0
2 10869 8 16 0 0 0
2 11086 0 0 0 0 0
3 12571 0 0 0 0 0
3 12605 0 0 0 0 0
3 12756 12 0 0 0 0
2 13763 0 0 0 0 0
2 14158 0 0 0 0 0
2 14780 0 0 0 0 0
2 14880 0 0 0 0 0
2 15087 0 0 0 0 0
2 15175 8 16 0 0 0
2 17336 0 0 0 0 0
2 17360 0 0 0 0 0
2 17398 0 0 0 0 0
2 17427 8 16 28 18 30
Anneli Oro
EST
21
1 2017 0 0 0 0
1 3758 0 0 0 0
1 3781 29 0 0 0
1 4806 0 0 0 0
1 4948 29 0 0 0
1 5119 0 0 0 0
1 5977 0 0 0 0
1 6762 0 0 0 0
1 7238 0 0 0 0
1 7750 0 0 0 0
3 11782 0 0 0 0 0
3 13029 0 0 0 0 0
3 13199 0 0 0 0 0
3 13385 0 0 0 0 0
3 14330 0 0 0 0 0
3 14441 0 0 0 0 0
3 14693 12 0 0 0 0
1 15913 0 0 0 0
1 16410 0 0 0 0
1 17029 0 0 0 0
1 17579 0 0 0 0
Annika Märtin
EST
18
1 988 29 0 0 0
1 2129 0 0 0 0
1 2825 0 34 0 0
1 6190 29 34 22 15
2 7329 8 0 0 0 0
2 8317 0 0 0 0 0
2 8892 0 0 0 0 0
2 9237 0 0 0 0 0
2 9389 0 0 0 0 0
4 12160 0 0 0 0 0 0
4 12735 0 0 0 0 0 0
4 12971 0 0 0 0 0 0
2 13845 0 0 0 0 0
2 15221 0 0 0 0 0
2 16482 8 0 0 0 0
2 16557 8 0 0 0 0
2 16929 0 0 0 0 0
2 16956 8 0 0 0 0
Antonela Vladeva
MKD
13
1 5149 29 0 0 0
1 5920 0 0 0 0
2 6456 0 0 0 0 0
2 6658 0 0 0 0 0
2 6736 8 0 0 0 0
2 7136 8 0 0 0 0
2 7331 8 0 0 0 0
3 8377 12 0 0 0 0
1 11638 0 0 0 0
2 13036 8 0 0 0 0
2 13431 8 16 0 0 0
2 14032 8 16 0 0 0
2 16154 8 16 0 0 0
Ariadna Franch Pérez
ESP
17
1 2028 29 0 22 0
1 2235 29 0 22 0
2 2521 0 0 0 0 0
1 2535 29 34 22 15
2 3589 8 0 0 0 0
3 4002 12 0 0 0 0
2 5810 0 0 0 0 0
2 5856 0 0 28 0 0
2 6413 0 0 0 0 0
2 6925 0 0 0 0 0
2 6978 0 0 0 0 0
2 7024 8 0 0 0 0
2 8077 0 0 0 0 0
2 9372 8 16 0 0 0
2 10320 0 0 0 18 0
4 11359 10 0 0 0 0 0
4 12149 10 0 9 0 0 0
Arpi Prazyan
ARM
17
1 1967 29 34 22 15
2 4237 0 0 0 0 0
2 4524 0 0 0 0 0
2 5229 0 0 28 0 0
2 5382 8 0 0 0 0
2 6247 8 0 0 0 0
2 6465 8 16 0 0 0
2 6949 0 0 0 0 0
2 7028 0 0 0 18 0
3 8170 12 0 0 0 0
3 10099 0 0 0 0 0
3 10293 0 0 0 0 0
2 10488 0 0 0 0 0
3 10516 0 0 0 0 0
3 10788 0 0 0 0 0
3 11451 0 19 0 0 0
3 16483 0 0 0 23 0
Assemay Bakhytzhan
KAZ
17
1 854 0 0 0 0
1 913 0 0 0 0
1 1149 0 0 0 0
1 2440 0 0 0 0
2 3288 8 0 0 0 0
2 3911 0 0 0 0 0
2 3995 8 16 0 0 0
3 4802 0 0 0 0 0
3 4952 12 0 0 0 0
1 8345 29 0 22 0
1 8618 29 0 22 0
1 9261 29 34 22 15
3 13400 0 0 0 23 0
3 14073 0 0 0 0 0
3 14739 0 0 0 0 0
3 15521 0 0 0 23 0
3 17712 0 0 0 0 0
Atina Ruvinova
MKD
15
1 769 29 34 22 15
2 1628 0 0 0 0 0
2 1810 8 0 0 0 0
2 1999 8 0 0 0 0
2 2390 8 0 0 0 0
2 3500 8 16 0 0 0
2 5658 0 0 28 0 0
3 8076 12 0 0 0 0
3 11211 0 0 0 0 0
2 13247 0 0 0 0 0
2 13291 0 0 0 0 0
2 13781 0 0 0 0 0
2 14807 0 0 0 18 0
3 17284 0 0 0 0 0
3 17912 0 0 0 0 0
Aurora Huang
USA
6
1 1098 29 34 22 15
2 5334 8 16 28 18 30
4 9054 10 0 9 0 0 0
3 9892 12 0 0 0 0
3 13341 0 0 0 23 0
3 13391 0 19 0 0 0
Austėja Bolytė
LTU
19
1 1755 0 0 0 0
1 2157 0 0 0 0
1 3114 0 0 0 0
1 3288 0 0 0 0
2 4662 0 0 0 0 0
2 4818 8 0 0 0 0
2 5481 0 0 0 0 0
2 5554 0 0 0 0 0
2 6137 0 0 0 0 0
2 6816 0 0 0 0 0
2 6864 0 0 0 0 0
2 7186 8 16 0 0 0
1 7574 0 0 0 0
1 7622 0 0 0 0
1 7773 0 0 0 0
1 8390 29 0 0 0
3 10875 0 0 0 0 0
3 10988 12 0 0 0 0
1 14966 0 0 0 0
Ayan Karimova
AZE
30
1 1386 0 0 0 0
2 2216 0 0 0 0 0
2 2424 0 0 0 0 0
2 2553 0 0 0 0 0
2 3170 8 0 0 0 0
1 3370 0 0 0 0
1 3767 0 0 0 0
1 4219 29 0 0 0
1 4428 0 0 0 0
1 4503 0 0 0 0
1 4598 29 0 0 0
2 5463 0 0 0 0 0
3 6231 12 0 0 0 0
2 8548 0 0 0 0 0
2 10328 0 0 0 0 0
2 10370 8 0 0 0 0
2 10517 0 0 0 0 0
2 10592 0 0 0 0 0
2 10620 0 0 0 0 0
2 12378 0 0 0 0 0
2 12636 8 0 0 0 0
4 13691 0 0 0 0 0 0
2 15176 0 0 0 0 0
2 15260 0 0 0 0 0
2 15302 0 0 0 0 0
3 16819 0 0 0 0 0
4 17390 0 0 0 0 0 0
4 17462 0 0 0 0 0 0
4 17645 0 0 0 0 0 0
4 17992 10 0 0 0 0 0
Ayana Fridkin
AUS
40
1 634 0 0 0 0
1 729 0 0 0 0
1 892 29 0 0 0
1 1151 0 0 0 0
1 1276 29 0 0 0
2 1641 8 0 0 0 0
2 1907 0 0 0 0 0
2 1968 0 0 28 0 0
2 2151 0 0 0 18 0
2 2640 8 16 0 0 0
3 3003 0 0 0 0 0
3 3075 0 0 0 0 0
3 3506 12 0 0 0 0
2 5204 0 0 28 0 0
1 5419 29 0 0 0
1 6092 29 34 22 15
3 7783 0 0 0 0 0
3 7815 0 0 0 0 0
3 8057 0 0 0 23 0
2 8834 0 0 0 0 0
2 8915 0 0 0 0 0
2 9804 0 0 0 0 0
2 10878 0 0 0 0 0
2 11070 0 0 0 0 0
2 11163 0 0 0 0 0
2 11659 8 16 0 0 0
2 12775 8 16 0 0 0
3 13551 0 0 0 0 0
3 13802 0 0 0 0 0
3 13854 0 0 0 0 0
3 13959 0 0 0 0 0
3 14125 0 0 0 0 0
3 14182 0 0 0 0 0
3 14510 0 0 0 0 0
3 14556 0 0 0 0 0
3 15365 0 0 0 0 0
4 16457 0 0 0 0 0 0
4 16478 0 0 0 0 0 0
4 16623 0 0 0 0 0 0
4 16793 10 0 0 0 0 0
Baljmaa Batjargal
MNG
20
2 2160 0 0 0 0 0
1 4827 0 0 0 0
1 5120 0 0 0 0
2 5799 0 0 0 0 0
2 6995 0 0 0 0 0
2 7040 0 0 0 0 0
2 7864 0 0 0 0 0
1 9240 29 0 0 0
1 9927 0 0 0 0
1 10073 0 0 0 0
1 10212 0 0 0 0
1 11022 0 0 0 0
1 11533 0 0 0 0
1 11779 0 0 0 0
1 12252 0 0 0 0
2 12953 0 0 0 0 0
2 14915 8 0 0 0 0
2 16211 0 0 0 0 0
2 16335 0 0 0 0 0
2 16925 0 0 0 0 0
Basmah Mansour
SAU
13
1 2213 0 0 0 0
1 6436 0 0 0 0
1 6476 29 34 22 15
4 11068 0 0 0 0 0 0
4 14035 10 0 0 0 0 0
4 14942 0 0 0 0 0 0
4 15110 0 0 0 0 0 0
4 15308 0 0 0 0 0 0
4 15641 0 0 9 0 0 0
4 17112 0 0 0 0 0 0
4 17185 0 0 0 0 0 0
4 17349 0 0 0 0 0 0
4 17975 0 0 0 0 0 0
Beatrice Cesonyte
IRL
20
1 1254 0 0 0 0
1 1540 0 0 0 0
1 1838 0 0 0 0
1 1927 0 0 0 0
1 2140 0 0 0 0
1 3229 0 0 0 0
1 5411 0 0 0 0
1 5506 0 0 0 0
1 5756 0 0 0 0
1 5805 0 0 0 0
1 6603 0 0 0 0
2 7931 0 0 0 0 0
1 10429 0 0 0 0
1 10786 0 0 0 0
1 11378 29 0 0 0
2 13842 0 0 0 0 0
2 14688 0 0 0 0 0
2 14733 0 0 0 0 0
2 14917 0 0 0 0 0
2 15726 0 0 0 0 0
Bergüzar Yürüm
TUR
26
1 1214 29 34 22 15
2 1844 0 0 0 0 0
2 2049 0 0 0 0 0
2 2089 0 16 0 0 0
2 2880 8 16 28 18 30
3 6344 0 0 0 0 0
3 6384 0 0 0 0 0
3 6428 0 0 0 0 0
3 6471 0 0 0 0 0
3 6561 12 0 0 0 0
3 7950 0 19 0 0 0
3 8046 0 0 0 0 0
3 8056 0 19 0 23 0
3 12408 0 0 0 0 0
3 12456 0 0 0 0 0
3 13044 0 0 0 0 0
3 13534 0 0 0 0 0
3 13657 0 0 0 0 0
3 13853 0 0 0 0 0
3 14644 0 0 0 0 0
3 14697 0 0 27 23 0
4 17828 0 0 0 0 0 0
4 17882 0 0 0 0 0 0
4 17912 0 0 0 0 0 0
4 17966 0 0 0 0 0 0
4 17974 0 0 0 0 0 0
Carolin Wester
AUT
14
1 2189 29 0 0 0
1 3011 29 0 22 0
2 3935 0 0 0 0 0
2 4504 8 0 0 0 0
3 6294 12 0 0 0 0
1 9086 0 0 0 0
1 9129 0 0 0 0
1 10108 0 34 0 0
1 10534 29 34 22 15
4 12880 0 0 0 0 0 0
4 13707 10 0 0 0 0 0
4 15938 0 0 0 0 0 0
4 16378 0 0 0 0 0 0
4 17064 0 0 9 0 0 0
Chadha Brahmi
DZA
12
1 3332 0 0 0 0
1 3718 0 0 0 0
1 4788 0 0 0 0
1 4902 0 0 0 0
1 5070 0 0 0 0
1 5207 0 0 0 0
1 9270 0 0 0 0
1 9290 0 0 0 0
1 12100 0 0 0 0
1 12606 0 0 0 0
4 14949 0 0 0 0 0 0
1 15016 0 0 0 0
Christina Chen
AUS
15
1 1265 29 34 22 15
2 5281 0 0 0 0 0
2 5343 8 16 0 0 0
3 6053 12 0 0 0 0
3 7116 0 0 0 0 0
3 7267 0 0 0 0 0
4 10809 10 0 0 0 0 0
2 11961 0 16 0 18 0
2 12118 8 16 0 18 0
2 12654 8 0 0 18 0
2 13011 0 0 0 0 0
2 13070 0 0 0 0 0
2 13083 8 16 28 18 30
4 14175 0 0 0 0 0 0
4 15127 0 0 9 0 0 0
Clara Fontes
BRA
17
1 978 29 0 0 0
1 1426 29 34 0 0
1 1482 0 0 0 0
1 1545 0 0 0 0
1 1569 29 34 22 15
2 2751 0 0 0 0 0
2 2945 8 16 0 0 0
2 3188 0 0 0 0 0
2 3424 8 16 28 18 30
3 9790 0 0 27 23 0
3 12082 0 19 0 23 0
3 12582 0 0 0 0 0
3 12932 12 19 27 23 19
4 15149 10 0 0 0 0 0
4 15631 10 0 9 0 0 0
4 17140 0 0 0 0 13 0
4 17789 0 0 0 12 0 0
Clémence Pham
FRA
21
1 2514 29 0 0 0
1 3747 29 0 0 0
1 4666 29 0 0 0
1 4933 29 0 22 0
1 5497 29 34 22 15
2 10588 0 0 0 0 0
2 10834 0 0 0 0 0
3 11716 12 0 0 0 0
3 14125 0 0 0 0 0
3 14433 0 0 0 0 0
3 14673 0 0 0 0 0
3 14797 0 0 0 0 0
3 14863 0 0 0 0 0
2 15169 8 0 0 0 0
2 15470 8 0 0 0 0
2 15582 8 0 0 0 0
2 15692 8 0 0 0 0
2 15997 8 0 0 0 0
4 17457 0 0 0 0 0 0
2 17756 8 0 0 0 0
3 17938 0 0 0 23 0
Daphne Carmesin
DEU
40
1 1927 29 0 22 0
1 2009 29 34 22 15
2 3630 0 16 0 0 0
2 4031 8 16 0 0 0
3 4911 0 0 0 0 0
3 4962 0 0 0 0 0
3 5013 0 0 0 0 0
3 5122 12 0 0 0 0
2 8411 0 0 0 0 0
2 8848 0 0 0 0 0
2 9193 0 0 0 0 0
2 9647 0 0 0 0 0
2 9718 0 0 0 0 0
2 9875 0 0 0 0 0
4 11691 10 0 0 0 0 0
2 12071 0 0 0 0 0
2 12150 0 0 28 0 0
2 12462 0 0 0 0 0
2 12709 0 0 0 0 0
2 13137 0 0 0 0 0
4 13158 10 0 0 0 0 0
4 13578 10 0 0 0 0 0
4 13909 0 0 0 0 0 0
2 14481 0 0 0 0 0
2 14939 0 0 0 0 0
2 15033 0 0 0 0 0
2 15053 0 0 0 0 0
2 15440 0 0 0 0 0
2 15549 0 0 0 0 0
2 15571 0 0 0 0 0
4 15930 10 0 0 0 0 0
4 16030 10 0 0 0 0 0
2 16368 0 0 0 0 0
2 16427 0 0 0 0 0
2 17182 0 0 0 0 0
2 17228 0 0 0 0 0
2 17250 0 0 0 0 0
2 17321 0 0 0 0 0
2 17421 0 0 0 0 0
2 17461 0 0 0 18 0
Daria Lobas
POL
13
1 1313 29 34 22 15
2 4334 8 16 28 18 30
3 11120 12 0 0 0 0
3 13441 0 0 0 0 0
4 14712 10 0 9 0 0 0
3 14861 0 0 0 0 0
3 15311 0 19 0 0 0
3 15666 0 0 0 0 0
3 16008 0 0 0 0 0
3 16232 0 0 0 0 0
3 16465 0 0 0 0 0
3 16682 0 0 0 0 0
3 17088 0 19 0 23 0
Daria Perekopska
UKR
15
1 935 29 0 0 0
1 1267 0 0 0 0
1 1745 29 34 22 15
2 2830 8 16 28 18 30
3 9857 12 0 0 0 0
3 12188 0 0 27 23 0
3 12629 12 0 27 23 0
4 13969 0 0 0 0 0 0
4 14150 10 0 9 0 0 0
4 14650 10 0 0 13 0 0
4 15196 0 0 0 0 0 0
4 15215 0 0 0 0 12 0
4 17002 10 10 9 13 12 0
4 17089 10 10 9 13 12 0
3 17497 12 0 27 23 0
Dayana Iskhakova
KAZ
26
1 700 0 0 0 0
1 875 0 0 0 0
1 1094 0 0 0 0
2 1486 0 0 0 0 0
2 1554 0 0 0 0 0
2 1621 8 0 0 0 0
1 3410 29 0 0 0
1 4061 0 0 0 0
1 4327 29 0 0 0
1 4852 29 34 22 15
3 6583 0 0 0 0 0
3 6688 0 0 0 0 0
3 7260 0 0 0 0 0
3 7286 12 0 0 0 0
2 12259 0 0 0 0 0
2 12307 8 16 0 0 0
2 12906 0 0 0 0 0
2 15038 0 0 0 0 0
2 15246 0 0 0 0 0
2 15415 0 0 0 0 0
2 16151 0 0 0 0 0
2 16480 0 0 0 0 0
2 17268 8 0 0 0 0
2 17461 8 0 0 0 0
2 17555 0 0 0 0 0
2 17728 0 0 0 0 0
Diana D
PER
8
1 2695 29 0 0 0
1 2967 29 0 0 0
2 4752 0 0 0 0 0
2 5047 8 0 0 0 0
3 6119 12 0 0 0 0
1 13501 0 0 0 0
1 14053 0 34 0 0
1 14229 29 34 22 15
Diāna Stecka
LVA
19
1 1530 0 0 0 0
1 4803 29 0 0 0
1 5101 29 0 0 0
1 5825 29 34 22 15
2 7772 0 0 0 0 0
2 8042 0 0 28 0 0
2 8350 0 0 0 0 0
2 12346 8 0 0 0 0
2 12527 0 0 0 0 0
2 12705 0 0 0 0 0
2 12741 0 0 0 0 0
2 13110 0 0 28 0 0
2 13240 0 0 28 0 0
2 13588 0 0 0 0 0
2 13871 8 16 0 0 0
2 14187 0 0 0 0 0
2 14437 0 0 0 0 0
3 17854 0 0 0 0 0
3 17999 12 0 0 0 0
Dóra Horváth
HUN
13
1 2393 29 34 22 15
2 4972 8 16 28 18 30
3 6945 12 0 0 0 0
4 13465 0 0 0 0 0 0
4 13517 0 0 0 0 0 0
3 16166 0 0 0 23 0
3 16506 0 0 0 0 0
3 16870 0 19 0 0 0
3 17016 0 19 0 0 0
4 17817 0 0 0 0 0 0
4 17891 0 0 0 0 0 0
4 17953 0 0 0 0 0 0
4 17986 0 0 0 0 0 0
Duru Özer
TUR
15
1 1055 0 34 0 0
1 1518 0 0 0 0
1 1953 0 0 0 0
1 2324 0 0 0 0
1 2333 29 34 22 15
2 3366 8 16 28 18 30
3 6549 0 0 0 23 0
3 6979 0 0 0 23 0
3 7216 0 19 0 23 0
3 7341 12 0 0 0 0
3 8707 0 0 27 23 0
4 10701 10 0 0 0 0 0
4 11153 10 0 9 0 0 0
4 12678 10 0 0 13 0 0
4 13746 10 0 0 0 13 0
Elif Keleş
TUR
20
1 1534 0 0 0 0
1 1573 0 0 0 0
1 2902 29 0 0 0
1 3482 29 34 22 15
2 5552 8 16 0 0 0
3 8146 0 0 0 0 0
3 8305 0 0 0 0 0
3 8390 0 0 0 0 0
3 8491 0 0 0 0 0
3 8845 12 0 0 0 0
2 12118 0 0 0 0 0
2 12228 0 0 0 0 0
2 12338 0 0 0 0 0
3 13513 0 0 0 0 0
2 15177 0 0 0 0 0
2 15304 0 0 0 0 0
2 17263 0 0 28 0 0
2 17451 0 0 0 0 0
2 17572 0 0 28 0 0
2 17647 0 0 28 0 0
Elisa Ipate
ROU
13
1 1130 29 0 22 0
1 1397 29 34 22 15
2 2197 0 0 0 0 0
2 2288 0 0 0 0 0
2 2478 0 0 0 0 0
2 2572 8 0 0 0 0
3 14590 0 0 0 23 0
3 14719 12 0 0 0 0
3 15220 0 0 0 0 0
3 15367 0 0 0 0 0
2 16157 0 0 28 0 0
3 16398 0 0 0 0 0
3 16824 0 0 0 0 0
Eliška Macáková
SVK
12
2 1128 8 16 0 0 0
2 1324 8 16 28 18 30
1 3170 29 34 22 15
3 5258 12 19 27 23 19
4 7430 10 0 0 0 0 0
4 8867 0 0 0 0 0 0
4 8945 10 0 0 0 0 0
4 9500 10 17 9 7 7 16
4 11663 10 18 9 10 10 24
4 13433 0 0 0 13 0 0
4 13552 0 0 0 0 12 0
4 14796 0 0 0 0 13 0
Ellie Zhou
NZL
12
2 8706 0 0 0 0 0
2 8833 0 0 0 0 0
2 9004 0 0 0 0 0
2 9529 0 0 0 0 0
2 11082 0 0 0 0 0
2 11192 0 0 0 0 0
1 12258 0 0 0 0
1 13140 0 0 0 0
1 13516 29 0 0 0
1 14462 29 0 0 0
1 15165 0 0 0 0
2 16651 8 16 0 0 0
Ellinor Åhlander
SWE
15
1 2057 29 34 22 15
2 4267 0 0 0 0 0
2 4376 0 0 28 0 0
2 5680 8 0 0 0 0
2 8338 8 16 0 0 0
3 10728 0 0 0 0 0
3 10785 12 0 0 0 0
3 13187 0 0 0 0 0
3 13379 0 0 0 0 0
3 13716 0 19 0 0 0
2 16541 0 0 0 0 0
2 16682 0 0 0 0 0
2 17354 8 16 0 0 0
2 17520 0 0 0 0 0
2 17931 0 0 0 0 0
Ema Daujotė
LTU
23
1 656 0 0 0 0
1 792 0 0 0 0
1 879 0 0 0 0
1 1015 0 0 0 0
2 1898 0 0 0 0 0
1 1925 0 0 0 0
1 1980 0 0 0 0
1 2021 0 0 0 0
1 2458 0 0 0 0
1 3171 0 0 0 0
1 3807 0 0 0 0
1 3895 29 0 0 0
1 6013 0 0 0 0
2 6779 8 0 0 0 0
2 6968 8 0 0 0 0
1 8446 0 0 0 0
1 9057 0 0 0 0
1 9450 0 0 0 0
1 9506 0 0 0 0
2 10230 0 0 0 0 0
3 11904 12 0 0 0 0
2 15123 0 0 0 0 0
2 16167 0 0 0 0 0
Emi Shimura
JPN
8
1 1082 0 0 0 0
1 1468 29 0 0 0
1 4895 0 0 0 0
2 5015 8 16 0 0 0
3 6183 12 0 0 0 0
1 7586 29 0 0 0
2 8642 0 0 0 0 0
2 9577 0 0 28 0 0
Émie Gallasso
FRA
19
1 1447 29 0 0 0
1 3051 29 0 22 0
2 4593 0 0 0 0 0
2 4778 0 16 0 0 0
2 5404 0 0 0 0 0
2 5472 0 0 0 0 0
3 6473 0 0 0 0 0
3 6787 12 0 0 0 0
4 8479 0 0 0 0 0 0
4 8891 0 0 0 0 0 0
4 9391 0 0 0 0 0 0
1 10537 29 0 22 0
1 10606 29 34 22 15
2 11859 8 16 0 0 0
2 12075 0 0 0 0 0
2 12893 0 0 28 0 0
2 17449 8 16 0 0 0
2 17579 8 16 0 0 0
2 17863 8 0 0 0 0
Emina Hasanbegović
BIH
31
1 5652 0 0 0 0
1 6008 0 0 0 0
1 6079 29 0 0 0
1 6487 0 0 0 0
1 6538 0 0 0 0
1 8028 29 0 0 0
1 8824 29 0 0 0
1 9371 0 0 0 0
1 9436 29 0 0 0
1 10153 29 0 0 0
2 11093 8 0 0 0 0
2 11290 8 0 0 0 0
2 11326 8 0 0 0 0
2 11812 0 0 0 0 0
2 11844 0 0 0 0 0
2 11885 0 0 0 0 0
2 11992 0 0 0 0 0
2 12028 0 0 0 0 0
2 12120 0 0 0 0 0
2 12153 8 0 0 0 0
2 12864 0 0 0 0 0
2 12916 0 0 0 0 0
1 15098 0 0 0 0
1 15180 29 0 0 0
1 15259 29 0 0 0
1 16449 0 0 0 0
1 16895 0 0 0 0
1 16990 29 0 0 0
1 17760 0 0 0 0
1 17967 0 0 0 0
1 17998 0 0 0 0
Emma Nordli
NOR
23
1 2852 0 0 0 0
1 2883 0 0 0 0
1 3798 0 0 0 0
1 3864 0 0 0 0
1 3918 0 0 0 0
1 5106 0 0 0 0
1 5158 0 0 0 0
1 7799 0 0 0 0
1 8200 0 0 0 0
1 8328 0 0 0 0
1 8406 0 0 0 0
1 8431 0 0 0 0
1 8471 0 0 0 0
1 8681 0 0 0 0
1 12687 0 0 0 0
1 12795 0 0 0 0
1 12919 0 0 0 0
1 12934 0 0 0 0
1 12966 0 0 0 0
1 13023 0 0 0 0
1 13175 0 0 0 0
1 13206 29 0 0 0
1 17825 29 0 0 0
Estela Baron Nakamura
BRA
8
1 2325 29 34 22 15
2 3195 8 16 0 0 0
2 4462 0 0 28 0 0
2 9793 8 16 0 0 0
3 10611 12 0 0 0 0
3 12312 0 0 0 23 0
4 15104 0 0 0 0 0 0
4 15618 0 0 0 0 0 0
Eulàlia Gaya Bretones
ESP
11
1 951 29 0 0 0
1 1919 29 0 22 0
1 2301 0 34 0 0
1 2590 29 34 22 15
2 4534 8 16 28 18 30
3 9106 0 0 0 0 0
3 9139 0 0 0 0 0
3 9201 12 0 0 0 0
4 14784 10 0 0 0 0 0
4 16900 10 0 9 0 0 0
4 17254 0 0 0 0 0 0
Eva Rodríguez Muñoz
MEX
5
2 8824 0 0 0 0 0
2 9045 8 0 0 0 0
1 15162 0 0 0 0
1 15257 29 0 0 0
1 17763 0 0 0 0
Eva Sóllilja Einarsdóttir
ISL
11
1 2643 29 34 22 15
2 3430 8 0 0 0 0
2 6367 0 0 0 0 0
2 8751 0 0 0 0 0
3 9549 12 0 0 0 0
4 11128 0 0 0 0 0 0
2 16408 0 0 0 0 0
2 16721 0 0 0 0 0
2 17035 0 0 0 0 0
4 17310 0 0 0 0 0 0
2 17948 0 0 0 0 0
Eva Zhu
USA
36
1 1386 0 0 0 0
1 1573 29 34 22 15
2 4609 8 16 0 0 0
2 4648 8 16 0 0 0
2 5092 8 16 0 0 0
2 5646 8 16 0 0 0
2 10245 8 16 0 0 0
2 11308 8 0 0 0 0
2 11410 8 0 0 0 0
2 11463 8 16 28 18 30
3 12362 12 0 27 23 0
3 13311 12 0 0 0 0
3 13441 12 0 27 23 0
3 13938 12 0 27 23 0
3 14141 0 0 0 0 0
3 14306 12 0 27 23 0
4 14924 0 0 0 0 0 0
4 15259 0 0 0 0 0 0
4 15372 0 0 0 0 0 0
4 15466 0 0 0 0 0 0
4 15498 0 0 0 0 0 0
4 15670 0 0 0 0 0 0
4 15756 0 0 0 0 0 0
4 15903 0 0 9 0 0 0
4 16009 10 0 9 0 0 0
4 16488 10 0 9 0 0 0
4 16526 10 0 9 0 0 0
4 16565 10 0 9 0 0 0
4 16611 10 0 9 0 0 0
4 16634 10 0 9 0 0 0
4 16680 10 0 9 0 0 0
4 16824 10 0 9 13 0 0
4 16977 10 0 9 13 0 0
4 17197 10 0 9 13 0 0
4 17317 10 0 9 13 13 0
3 17928 12 0 27 23 0
Fae Negoro
IDN
24
1 782 0 0 0 0
1 1561 0 34 0 0
1 1636 0 34 0 0
1 2146 29 34 22 15
2 3914 0 0 0 0 0
2 4126 8 16 0 0 0
2 5249 0 0 0 0 0
3 6851 12 0 0 0 0
3 9162 0 0 0 0 0
3 9412 0 0 0 23 0
2 10594 0 0 28 0 0
2 10754 0 0 28 0 0
2 12779 0 0 0 18 0
3 15901 0 0 0 0 0
3 16008 0 0 0 0 0
3 16135 0 0 0 0 0
3 16297 0 0 0 0 0
3 16343 0 0 0 0 0
3 16487 0 19 0 0 0
4 17003 0 0 0 0 0 0
3 17451 0 0 0 0 0
2 17891 0 0 0 0 0
2 17948 8 16 0 0 0
2 17973 8 16 0 0 0
Farah Demirović
BIH
8
1 418 0 0 0 0
1 1344 29 34 22 15
2 4424 8 16 28 18 30
3 10295 12 0 0 0 0
3 16185 0 0 0 0 0
3 16386 0 0 0 0 0
3 17658 0 0 0 0 0
3 17783 0 0 0 23 0
Frédérique Scheffrahn
NLD
36
1 1159 0 0 0 0
1 1187 0 0 0 0
1 1235 29 0 0 0
1 1943 0 0 0 0
1 2399 0 0 0 0
1 2676 0 0 0 0
2 3486 0 0 0 0 0
2 3523 0 0 0 0 0
2 3644 8 0 0 0 0
3 4492 12 0 0 0 0
1 6022 0 0 0 0
1 6203 0 0 0 0
1 6313 0 0 0 0
1 7045 0 0 0 0
2 8246 0 0 0 0 0
2 9007 0 0 0 0 0
2 9947 0 0 0 0 0
2 10158 0 0 0 0 0
2 10232 0 0 0 0 0
4 11595 0 0 0 0 0 0
4 11847 0 0 0 0 0 0
4 11878 0 0 0 0 0 0
1 13423 0 0 0 0
1 13595 0 0 0 0
1 13801 0 0 0 0
1 13875 0 0 0 0
1 13930 0 0 0 0
1 14528 0 34 0 0
1 14940 0 0 0 0
1 15015 29 34 22 15
2 15785 8 16 0 0 0
4 16507 0 0 0 0 0 0
4 17654 0 0 0 0 0 0
4 17763 0 0 0 0 0 0
4 17823 0 0 0 0 0 0
4 17919 0 0 0 0 0 0
Freja Gregersen
DNK
9
1 2424 0 34 0 0
1 2596 29 34 22 15
2 5733 0 0 0 0 0
2 5865 0 0 0 0 0
2 7496 0 0 0 0 0
2 11264 0 0 0 0 0
3 13025 12 0 0 0 0
4 17872 0 0 0 0 0 0
4 17914 0 0 0 0 0 0
Gabriela Barbieri Stroeh
BRA
15
1 2651 29 0 22 0
4 8018 0 0 0 0 0 0
4 8100 0 0 0 0 0 0
2 9750 8 0 0 0 0
2 10102 0 16 0 0 0
3 10878 12 0 0 0 0
1 12015 0 0 0 0
1 12344 0 34 0 0
3 13653 0 0 0 23 0
4 14947 0 0 0 0 0 0
4 15034 0 0 0 0 0 0
4 15090 10 0 0 0 0 0
4 15778 0 0 0 0 0 0
4 16217 0 0 0 0 0 0
4 16539 0 0 9 0 0 0
Grace Li
USA
14
1 1065 0 0 0 0
1 1843 0 34 0 0
1 2070 0 34 0 0
1 2199 29 34 0 0
1 3576 29 34 22 15
2 4194 8 16 0 0 0
2 5972 8 16 0 0 0
2 6036 8 16 28 0 0
2 6957 8 16 28 18 30
3 7658 0 0 0 0 0
3 7788 12 0 0 0 0
3 9882 12 0 0 23 0
3 12194 12 0 27 23 0
3 17255 0 19 0 0 0
Gvantsa Khvedelidze
GEO
18
1 1300 29 0 0 0
1 1845 0 0 0 0
1 1863 29 0 0 0
1 2888 29 0 0 0
1 3138 29 0 0 0
1 3469 29 34 22 15
2 5519 8 0 0 0 0
2 5648 8 16 0 0 0
2 7117 8 16 0 0 0
3 7829 12 0 0 0 0
3 8385 0 0 0 0 0
2 12032 0 0 0 0 0
2 12051 0 0 0 0 0
2 16734 0 0 0 0 0
2 16764 0 0 0 0 0
2 17019 0 0 0 0 0
2 17750 0 0 0 0 0
2 17895 0 0 0 0 0
Hana Kalábová
SVK
6
1 2096 29 34 22 15
3 9657 0 0 0 23 0
3 9926 12 0 0 0 0
4 12131 10 0 0 0 0 0
2 13350 8 0 0 0 0
4 17841 0 0 0 0 0 0
Hannah Oss
CHE
32
1 2008 29 0 0 0
1 2471 29 34 22 15
2 2859 0 0 0 0 0
2 2907 0 0 0 0 0
2 2974 0 16 0 0 0
2 3517 8 16 0 0 0
2 3945 0 0 0 0 0
2 4060 0 0 0 0 0
2 4429 0 0 0 0 0
2 4754 0 0 0 0 0
2 4812 0 0 0 0 0
2 4990 0 0 0 0 0
3 7210 0 0 0 0 0
3 7538 0 0 0 0 0
3 7830 0 0 0 0 0
3 8269 12 0 0 0 0
4 9717 10 0 0 0 0 0
4 9751 10 0 9 0 0 0
2 10554 0 0 0 0 0
2 10753 0 0 28 0 0
2 11022 0 0 0 0 0
2 11069 0 0 0 18 0
3 12312 0 0 0 0 0
3 12873 0 0 0 0 0
3 13241 0 0 0 0 0
3 13677 0 0 0 23 0
3 15132 0 0 0 0 0
3 15534 0 0 0 0 0
3 15560 0 0 0 0 0
3 15812 0 0 0 0 0
4 17897 0 0 0 0 0 0
4 17954 0 0 0 0 0 0
Hannah Withers
NZL
7
1 4440 29 0 0 0
1 5599 29 0 0 0
2 10816 0 0 0 0 0
1 13808 29 34 0 0
3 15181 12 0 0 0 0
1 16084 29 34 22 15
4 17978 0 0 0 0 0 0
Hayuhi Mikayelyan
ARM
8
1 5810 29 0 0 0
2 6927 0 0 0 0 0
2 7485 8 0 0 0 0
1 9495 29 0 22 0
1 11841 29 34 22 15
3 13601 12 0 0 0 0
4 16870 0 0 0 0 0 0
4 17193 10 0 0 0 0 0
Hiba Hamidi
DZA
43
1 1455 0 0 0 0
1 1579 0 0 0 0
1 1681 0 0 0 0
1 2036 0 0 0 0
1 2942 0 0 0 0
1 3070 0 0 0 0
1 3168 0 0 0 0
1 3285 0 0 0 0
1 3816 0 0 0 0
1 3913 0 0 0 0
1 5132 0 0 0 0
2 6476 0 0 0 0 0
2 6500 0 0 0 0 0
2 7051 0 0 0 0 0
2 7084 0 0 0 0 0
2 7175 0 0 0 0 0
1 8330 0 0 0 0
1 8429 0 0 0 0
1 8446 0 0 0 0
1 8630 0 0 0 0
1 8897 0 0 0 0
1 8935 29 0 0 0
1 9700 0 0 0 0
2 9919 0 0 0 0 0
2 10005 0 0 0 0 0
2 10064 0 0 0 0 0
1 10311 0 0 0 0
1 12264 0 0 0 0
1 12393 0 0 0 0
2 13528 0 0 0 0 0
2 13617 0 0 0 0 0
2 13685 0 0 0 0 0
2 13899 0 0 0 0 0
2 14100 0 0 0 0 0
2 14171 0 0 0 0 0
2 14199 0 0 0 0 0
2 14294 0 0 0 0 0
2 14334 0 0 0 0 0
4 15277 0 0 0 0 0 0
1 16993 0 0 0 0
1 17059 0 0 0 0
1 17084 0 0 0 0
1 17454 0 0 0 0
Honey Raut
AUS
10
2 3408 8 0 0 0 0
2 5183 8 0 0 0 0
1 6032 29 34 22 15
3 8518 12 0 0 0 0
3 11390 0 0 0 0 0
4 11613 9 0 0 0 0 0
2 16250 0 0 0 0 0
2 17033 0 0 0 0 0
2 17190 8 16 0 0 0
2 17266 8 16 0 0 0
Hongjia Meng
CHE
5
1 5179 29 34 22 15
3 12836 12 0 0 0 0
2 13265 8 0 0 0 0
2 13559 8 16 0 0 0
4 16781 10 0 0 0 0 0
Inès Fischler
FRA
19
1 2391 0 0 0 0
1 2422 0 0 0 0
1 2440 29 0 0 0
1 3005 29 34 22 15
2 5374 0 0 0 0 0
2 5526 0 0 0 0 0
2 5706 0 0 28 0 0
2 6161 8 0 0 0 0
2 6680 8 16 0 0 0
2 7972 0 0 0 18 0
3 9092 0 0 0 0 0
3 9189 0 0 0 0 0
3 9266 0 0 0 0 0
3 9329 12 0 0 0 0
3 12252 0 0 0 0 0
3 12449 0 0 0 0 0
3 12644 0 0 0 23 0
3 14150 0 0 0 0 0
3 15000 0 19 0 0 0
Irina Stanišić
SRB
9
1 4809 29 34 22 15
2 8095 8 16 28 18 30
3 9766 12 0 0 0 0
3 12525 0 0 0 0 0
3 12934 0 0 0 0 0
3 13230 0 0 0 0 0
3 13505 0 0 0 0 0
3 13606 0 0 0 23 0
3 14220 0 19 0 23 0
Isabel Reinema
DEU
10
1 2243 29 34 22 15
3 4709 12 0 0 0 0
2 6736 0 0 0 0 0
2 6865 8 16 0 0 0
3 13441 0 0 0 0 0
4 16356 0 0 0 0 0 0
4 16474 0 0 0 0 0 0
4 16593 10 0 0 0 0 0
3 17228 0 0 0 0 0
3 17512 0 0 0 0 0
Iulia Morariu
ROU
18
1 1447 29 0 0 0
1 1633 29 0 0 0
1 1878 29 0 0 0
2 3388 0 0 0 0 0
2 3471 0 0 0 0 0
2 3849 8 0 0 0 0
2 4067 0 0 0 0 0
2 4194 8 16 0 0 0
3 5046 12 0 0 0 0
1 6325 0 0 0 0
1 8451 0 0 0 0
2 9034 0 0 0 0 0
2 9148 0 0 0 0 0
2 9433 0 0 28 0 0
2 9654 0 0 0 18 0
1 12779 0 34 0 0
1 14707 0 0 0 0
1 15721 29 34 22 15
Iva Živković
SRB
21
1 622 29 34 22 15
2 1673 8 16 0 0 0
2 2311 0 0 0 0 0
2 2963 8 16 0 0 0
2 3992 8 16 28 0 0
3 5297 12 0 0 0 0
2 5821 0 0 0 0 0
2 5880 8 0 28 0 0
2 8072 0 0 0 0 0
2 8136 8 0 28 0 0
2 8304 8 0 28 0 0
2 8436 8 16 28 0 0
3 12424 12 0 0 23 0
2 13028 8 16 28 0 0
2 13189 8 16 28 0 0
2 13561 8 16 28 0 0
2 13956 8 16 28 0 0
2 16508 8 16 28 0 0
2 17447 0 0 0 0 0
2 17488 8 16 28 0 0
2 17664 8 16 28 0 0
Jelizaveta Deņisova
LVA
22
1 1496 29 0 22 0
1 1676 29 0 22 0
1 2142 29 34 22 15
2 3994 8 16 0 0 0
2 4339 8 0 0 0 0
2 4549 8 0 0 0 0
2 5426 0 0 0 0 0
2 5763 0 0 0 0 0
2 6708 0 0 0 0 0
2 7041 0 0 0 0 0
2 9389 0 0 28 0 0
3 9932 12 0 0 0 0
2 10918 0 0 0 0 0
2 11329 0 0 0 0 0
2 11439 0 0 0 0 0
2 11636 0 0 28 0 0
4 12931 0 0 0 0 0 0
2 13739 8 16 0 0 0
2 13939 0 0 0 0 0
2 14805 0 0 0 0 0
2 14972 0 0 28 18 0
3 17672 0 0 0 0 0
Jenna Hayes
IRL
11
1 1765 29 0 0 0
1 6158 29 34 0 0
1 6709 29 34 22 15
3 7771 0 0 0 0 0
3 8372 0 0 0 0 0
3 8553 12 0 0 0 0
4 12781 0 0 0 0 0 0
4 12920 0 0 0 0 0 0
4 13163 0 0 0 0 0 0
2 14656 0 0 0 0 0
2 15004 8 0 0 0 0
Jiachen Mi
SWE
15
1 605 0 0 0 0
1 739 0 0 0 0
1 834 0 0 0 0
1 871 0 0 0 0
1 2634 29 34 22 15
2 3392 8 0 0 0 0
3 5251 12 0 0 0 0
2 7872 8 16 0 0 0
2 8391 8 16 0 0 0
2 8664 8 16 0 0 0
2 10859 0 0 28 0 0
2 11631 8 16 0 18 0
4 14757 10 0 0 0 0 0
4 15697 0 0 9 0 0 0
4 17929 0 0 0 0 0 0
Jovana Trifunoska
MKD
17
1 2497 29 0 0 0
1 2982 29 0 22 0
1 3269 29 34 22 15
2 4207 8 0 0 0 0
2 4517 0 0 0 0 0
2 4644 8 16 0 0 0
2 5130 0 0 0 0 0
2 5469 0 0 0 0 0
2 5638 0 0 0 0 0
2 5825 0 0 0 0 0
3 6887 12 0 0 0 0
2 8488 0 0 0 0 0
4 12276 10 0 0 0 0 0
2 13015 0 0 28 0 0
3 15681 0 0 0 0 0
3 16521 0 0 0 23 0
2 17886 0 0 0 18 0
Julia Escoto
NZL
10
1 2842 0 0 0 0
1 4752 0 0 0 0
2 7826 0 0 0 0 0
2 7992 0 0 0 0 0
1 10846 0 0 0 0
3 11982 12 0 0 0 0
4 13683 0 0 0 0 0 0
2 13898 0 0 0 0 0
2 16719 0 0 0 0 0
4 17554 0 0 0 0 0 0
Julia Volovich
GBR
32
1 323 0 0 0 0
1 345 0 0 0 0
1 995 29 0 0 0
1 1971 0 0 0 0
1 2026 29 0 0 0
2 2519 0 0 0 0 0
2 2644 0 0 0 0 0
2 2668 8 0 0 0 0
2 3179 0 0 0 0 0
2 3242 0 0 0 0 0
2 3323 8 16 0 0 0
3 5219 0 0 0 0 0
3 5302 0 0 0 0 0
3 5366 12 0 0 0 0
3 9378 0 0 0 0 0
3 9926 0 0 0 0 0
3 9995 0 0 0 0 0
3 10087 0 0 0 0 0
3 11038 0 0 0 0 0
3 11074 0 0 0 0 0
3 11199 0 0 0 0 0
3 11325 0 0 0 0 0
1 12059 29 0 22 0
1 12216 0 0 0 0
1 12327 0 0 0 0
1 12718 29 34 22 15
2 16547 8 16 0 0 0
3 17055 0 0 0 0 0
3 17214 0 0 0 0 0
4 17882 0 0 0 0 0 0
4 17933 0 0 0 0 0 0
4 17979 0 0 0 0 0 0
Juno Rainey
NZL
8
1 3600 0 0 0 0
1 3694 29 0 0 0
2 5309 8 0 0 0 0
3 5981 12 0 0 0 0
2 7610 8 16 0 0 0
2 10977 8 16 0 0 0
2 16048 0 0 28 0 0
1 17377 29 0 0 0
Kaja Skomakerstuen
NOR
16
1 1269 0 0 0 0
2 2040 8 0 0 0 0
1 4708 29 0 0 0
2 7285 0 0 0 0 0
2 7731 0 0 0 0 0
2 8525 0 0 0 0 0
2 8643 0 0 0 0 0
2 9461 8 0 0 0 0
3 10901 0 0 0 0 0
3 13280 0 0 0 0 0
1 14937 0 0 0 0
1 15449 0 0 0 0
1 15631 0 0 0 0
3 16591 0 0 0 0 0
3 17833 0 0 0 0 0
3 17872 0 0 0 0 0
Karina Kovalska
NLD
13
1 2546 29 0 0 0
2 3447 8 0 0 0 0
3 4010 12 0 0 0 0
4 7302 10 0 0 0 0 0
4 7931 0 0 0 0 0 0
4 8212 0 0 0 0 0 0
4 8631 10 0 9 0 0 0
1 12670 29 34 22 15
2 13514 0 0 0 0 0
2 14089 8 16 0 0 0
2 15124 8 16 0 0 0
2 16814 0 0 0 0 0
2 17363 8 16 0 0 0
Kim Dorka Nguyen
HUN
10
1 6506 0 0 0 0
1 6820 0 0 0 0
1 6958 0 0 0 0
1 8414 0 0 0 0
1 10087 0 0 0 0
1 12428 29 34 22 15
2 14105 8 0 0 0 0
2 14768 0 0 0 0 0
2 14896 8 16 0 0 0
3 16039 12 0 0 0 0
Kitija Kampiņa
LVA
18
1 1907 29 0 22 0
1 2534 29 0 22 0
1 4358 0 0 0 0
1 4506 0 0 0 0
1 4925 29 0 0 0
2 5395 8 0 0 0 0
2 6356 0 16 0 0 0
4 8616 0 0 0 0 0 0
4 8642 0 0 0 0 0 0
1 8942 29 0 22 0
1 9907 29 34 22 15
3 10899 12 0 0 0 0
4 11593 0 0 0 0 0 0
4 11760 0 0 0 0 0 0
2 14437 0 0 0 0 0
4 15406 0 0 0 0 0 0
4 15728 0 0 0 0 0 0
4 16166 10 0 0 0 0 0
Korina Nagy
HUN
10
1 1731 29 34 22 15
2 3025 0 0 0 0 0
2 3407 0 0 28 0 0
2 3785 0 0 0 0 0
2 4918 8 16 0 0 0
3 5426 0 0 0 0 0
3 5679 12 0 0 0 0
2 11919 0 0 0 18 0
3 15531 0 0 0 23 0
4 17645 0 0 0 0 0 0
Kristina Hayrapetyan
ARM
18
1 2704 29 34 22 15
1 4639 0 0 22 0
2 4947 0 0 0 0 0
2 5131 0 0 0 0 0
2 5472 8 0 0 0 0
2 6387 0 0 0 0 0
2 6622 8 0 0 0 0
2 7396 8 16 0 0 0
2 8383 0 0 0 0 0
2 8979 0 0 0 0 0
2 8999 0 0 0 0 0
3 10467 12 0 0 0 0
4 15108 0 0 0 0 0 0
4 15464 0 0 0 0 0 0
4 15566 0 0 0 0 0 0
4 16242 10 0 0 0 0 0
2 17233 0 0 0 0 0
2 17273 0 0 28 0 0
Kseniia Strelbytska
UKR
18
1 1374 29 0 22 0
1 1537 29 34 22 15
2 2236 8 16 28 18 30
3 4181 0 0 0 23 0
3 5541 12 0 0 0 0
3 5855 0 0 0 23 0
3 11338 0 0 27 23 0
3 12469 0 0 0 0 0
3 13669 0 0 0 0 0
3 14047 0 19 0 23 0
4 16564 0 0 0 0 0 0
4 16597 10 0 0 0 0 0
4 16938 0 0 0 0 0 0
4 17023 10 0 0 0 0 0
4 17421 10 0 0 0 0 0
4 17455 10 0 0 0 0 0
1 17863 0 0 0 0
1 17951 0 0 0 0
Lamar Alhebshi
SAU
14
1 1015 0 0 0 0
1 1720 0 0 0 0
1 3446 29 34 22 15
4 6428 0 0 0 0 0 0
4 6601 0 0 0 0 0 0
4 6914 0 0 0 0 0 0
2 8250 0 0 0 0 0
3 8776 12 0 0 0 0
2 10554 0 0 0 0 0
2 10673 0 0 0 0 0
2 11208 8 0 0 0 0
2 12029 8 0 0 0 0
2 12163 8 0 0 0 0
2 13039 8 0 0 0 0
Lana Skarica
HRV
14
1 994 0 0 0 0
1 1471 29 0 0 0
1 2552 29 0 22 0
1 2739 29 34 22 15
2 5072 0 0 0 0 0
2 5436 0 16 0 0 0
3 7676 12 0 0 0 0
4 10970 10 0 0 0 0 0
2 11801 8 0 0 0 0
2 12334 0 0 0 0 0
2 12434 0 0 0 0 0
2 12916 0 0 28 0 0
4 14317 10 0 9 0 0 0
3 17797 0 0 0 0 0
Lara Semes
HRV
10
1 1828 29 34 22 15
2 2962 8 16 28 18 30
4 6863 10 0 0 0 0 0
3 9805 12 0 0 0 0
3 15174 0 0 0 0 0
3 15728 0 0 0 0 0
3 16769 0 0 0 0 0
3 16933 0 0 0 0 0
3 17583 0 0 0 0 0
3 17880 0 0 0 0 0
Lara Stamać
SVN
25
1 1047 0 0 0 0
1 2887 0 0 0 0
2 4183 0 0 0 0 0
2 5503 0 0 0 0 0
1 7752 29 0 0 0
1 8226 0 0 0 0
1 8954 29 34 22 15
2 9701 0 0 0 0 0
2 9813 0 0 0 0 0
2 9987 0 0 28 0 0
2 10231 0 0 28 0 0
3 10848 12 0 0 0 0
2 11196 0 0 0 0 0
2 11262 0 0 0 0 0
2 11411 0 0 0 0 0
2 11898 0 0 28 0 0
2 14472 0 0 0 0 0
2 14566 8 16 0 0 0
2 14707 0 0 28 0 0
2 14815 0 0 28 0 0
2 16010 0 0 0 0 0
2 16138 0 0 28 0 0
2 16509 0 0 0 0 0
4 17333 0 0 0 0 0 0
4 17904 0 0 0 0 0 0
Laura Muliar
PRT
19
2 3561 0 0 0 0 0
2 3670 8 16 0 0 0
2 5251 0 16 0 0 0
2 5795 8 16 0 0 0
3 6431 12 0 0 0 0
1 7848 29 34 22 15
2 12482 0 0 0 0 0
2 12690 0 0 0 0 0
2 13101 0 0 0 0 0
2 13452 0 0 0 0 0
2 13582 0 0 0 0 0
2 13985 0 0 0 0 0
2 14074 0 0 0 0 0
2 14225 0 0 0 0 0
2 14376 0 0 0 0 0
2 14903 0 0 0 0 0
2 15007 0 0 28 0 0
2 15694 0 0 0 18 0
2 15895 8 16 28 18 30
Laura Shaw
LUX
8
1 1006 29 0 0 0
1 3575 0 0 0 0
1 3926 0 0 0 0
2 4629 0 0 0 0 0
2 6397 8 0 0 0 0
3 7722 12 0 0 0 0
1 10503 0 0 0 0
1 17842 0 0 0 0
Lavinia Tornaghi
ITA
11
1 988 29 34 22 15
2 2614 8 16 0 0 0
3 5091 0 0 0 0 0
3 5237 0 0 0 0 0
2 6076 0 0 28 0 0
2 9251 8 16 28 18 30
3 9724 12 0 0 0 0
4 14111 10 0 0 0 0 0
4 14608 0 0 9 0 0 0
4 17790 0 0 0 0 0 0
4 17898 0 0 0 0 0 0
Le Xuan Chieu
SGP
10
1 2036 0 0 0 0
1 2274 29 0 0 0
1 2958 0 0 0 0
1 3324 29 34 22 15
2 6652 8 16 28 18 30
3 7343 12 0 0 0 0
3 11254 0 0 0 0 0
3 16169 0 0 0 0 0
3 16532 0 0 0 23 0
3 16659 0 0 0 0 0
Lenka Poljaková
CZE
11
1 2414 29 0 0 0
1 3226 29 0 0 0
1 4542 0 0 0 0
1 5623 0 0 0 0
1 6324 0 34 0 0
1 7186 29 34 22 15
2 8371 8 0 0 0 0
3 10943 12 0 0 0 0
4 13897 0 0 0 0 0 0
4 17481 0 0 0 0 0 0
3 17944 0 0 0 0 0
Leyla Hajizada
AZE
27
1 530 0 0 0 0
1 811 29 0 0 0
1 1139 29 0 0 0
1 1203 29 0 0 0
1 2268 0 0 0 0
3 3063 12 0 0 0 0
4 6227 0 0 0 0 0 0
4 6400 0 0 0 0 0 0
2 7841 0 0 0 0 0
2 8020 8 0 0 0 0
2 8273 8 16 0 0 0
2 8494 0 0 0 0 0
2 8630 0 0 0 0 0
2 8649 0 0 0 0 0
4 10247 0 0 0 0 0 0
1 12203 0 34 0 0
1 12533 0 34 0 0
1 12612 29 34 22 15
2 13078 0 0 0 0 0
2 13099 0 0 0 0 0
3 14554 0 0 0 0 0
4 15698 0 0 0 0 0 0
4 17168 0 0 0 0 0 0
4 17337 0 0 0 0 0 0
4 17505 10 0 0 0 0 0
2 17679 0 0 0 0 0
2 17705 0 0 0 0 0
Lidia Casado
ESP
14
1 1403 0 0 0 0
1 1608 29 0 0 0
3 2983 12 0 0 0 0
2 3427 8 0 0 0 0
4 5432 0 0 0 0 0 0
4 6033 9 0 0 0 0 0
1 7974 0 0 0 0
1 8000 0 0 0 0
1 8637 29 34 22 15
2 9823 0 0 0 0 0
2 16253 0 0 0 0 0
2 16435 0 0 0 0 0
2 17154 0 0 0 0 0
2 17570 0 0 0 0 0
Lieke Visser
NLD2
13
1 3143 29 0 0 0
1 4531 29 0 0 0
1 5011 0 0 0 0
1 5473 0 0 0 0
1 5808 0 0 0 0
2 6366 8 0 0 0 0
2 6953 8 16 0 0 0
3 7956 12 0 0 0 0
1 12970 0 0 0 0
1 13901 29 0 22 0
1 15563 29 0 22 0
1 16915 0 0 22 0
1 17092 0 0 22 0
Lily Cahill
IRL
26
1 1192 0 0 0 0
1 1490 0 0 0 0
1 1699 0 0 0 0
1 1785 0 0 0 0
1 1904 0 0 0 0
1 2569 29 0 0 0
1 2735 0 0 0 0
1 2884 0 0 0 0
1 3100 29 0 0 0
1 3829 29 34 22 15
2 6689 0 0 0 0 0
2 6711 0 0 0 0 0
2 6745 0 0 0 0 0
2 6871 0 0 0 0 0
2 7026 0 0 0 0 0
2 7321 0 0 0 0 0
2 7625 0 0 0 0 0
2 7997 8 0 0 0 0
2 9994 0 0 0 0 0
2 10138 0 0 0 0 0
2 10398 0 0 0 0 0
2 10888 8 16 0 0 0
3 12727 0 0 0 0 0
3 13012 0 0 0 0 0
3 13138 0 0 0 0 0
3 13392 12 0 0 0 0
Linh Nguyen
FIN
22
1 1627 29 0 0 0
1 2192 29 0 22 0
1 2483 29 0 22 0
1 2829 29 34 22 15
2 3126 8 0 0 0 0
2 3457 8 16 0 0 0
2 4641 8 16 0 0 0
2 5693 8 16 0 0 0
3 6514 12 0 0 0 0
2 8047 0 0 0 0 0
2 8105 8 16 0 0 0
2 9303 0 0 0 0 0
2 11131 8 16 0 0 0
2 11382 8 16 0 0 0
2 12905 0 0 0 0 0
2 13412 8 16 0 0 0
2 13678 8 16 0 0 0
2 14100 8 16 0 0 0
2 14229 8 16 0 0 0
2 14851 8 16 0 0 0
2 15106 8 16 0 0 0
3 17963 0 0 0 0 0
Louise Bernier
LUX
20
1 2922 0 0 0 0
1 3168 0 0 0 0
1 3450 0 0 0 0
1 4433 0 0 0 0
1 4685 29 0 0 0
2 7090 8 0 0 0 0
2 9112 0 0 0 0 0
2 9212 0 0 0 0 0
2 9280 0 0 0 0 0
2 10541 0 0 0 0 0
2 10590 0 0 0 0 0
2 10750 0 0 0 0 0
2 12131 8 16 0 0 0
3 13908 12 0 0 0 0
2 15942 8 16 0 0 0
2 16044 0 0 0 0 0
2 16129 0 0 0 0 0
2 16191 0 0 0 0 0
2 16520 0 0 0 0 0
2 16854 0 0 0 0 0
Lucia Chladná
SVK
15
1 2978 29 0 22 0
1 4933 29 0 22 0
1 5217 29 34 0 0
1 5495 29 34 22 15
3 6074 0 0 0 0 0
3 6379 0 0 0 0 0
3 6486 0 0 0 0 0
3 6627 0 0 0 0 0
3 7031 12 0 0 0 0
2 9575 8 0 0 0 0
2 10183 8 0 0 0 0
2 10874 8 16 0 0 0
4 17303 0 0 0 0 0 0
4 17623 0 0 0 0 0 0
4 17824 10 0 0 0 0 0
Lucie Roskovská
CZE
7
1 2437 29 0 0 0
1 3003 29 34 22 15
2 4971 8 16 0 0 0
3 8063 12 0 0 0 0
4 12625 0 0 0 0 0 0
4 13377 10 0 0 0 0 0
4 17731 0 0 9 0 0 0
Lyydia Lehtinen
FIN
8
1 3759 29 0 0 0
2 5526 0 0 0 0 0
2 6107 0 0 0 0 0
2 6533 0 0 0 0 0
2 9662 8 0 0 0 0
1 12703 0 0 0 0
1 14296 0 34 0 0
1 15735 29 34 22 15
Maia Reffs Vistisen
DNK
8
1 2628 0 0 0 0
1 2748 0 0 0 0
1 3098 29 0 0 0
1 4331 29 34 22 15
2 8562 0 0 28 0 0
2 9069 8 16 0 0 0
3 10692 12 0 0 0 0
2 13404 0 0 0 18 0
Malika Khojamuratova
UZB
22
1 1055 0 0 0 0
1 1852 0 0 0 0
1 2092 29 0 0 0
1 4293 0 0 0 0
1 4342 29 0 22 0
1 4485 29 0 22 0
1 4753 0 0 0 0
1 4821 0 0 0 0
2 5558 0 0 0 0 0
2 5732 8 0 0 0 0
2 6323 0 0 0 0 0
2 6346 0 0 0 0 0
2 6410 8 0 0 0 0
2 6618 8 0 0 0 0
2 6778 8 16 0 0 0
3 8354 0 0 0 0 0
3 8399 0 0 0 0 0
3 8424 12 0 0 0 0
4 10714 0 0 0 0 0 0
1 12033 29 34 22 15
2 14052 8 16 0 0 0
3 17812 0 0 0 0 0
Mansi Sane
IND
30
1 1768 0 0 0 0
2 3997 8 0 0 0 0
2 4458 8 0 0 0 0
2 4581 8 16 0 0 0
2 4980 0 0 0 0 0
1 5392 0 0 0 0
1 5630 29 0 0 0
1 5924 0 0 0 0
1 6100 0 34 0 0
2 6229 0 0 0 0 0
2 6358 0 0 0 0 0
3 7376 12 0 0 0 0
1 10088 29 0 0 0
1 10158 29 0 0 0
2 10598 0 0 0 0 0
1 11756 29 0 22 0
1 11826 29 0 22 0
1 11883 0 0 0 0
2 12180 0 0 0 0 0
2 12616 0 0 0 0 0
2 12647 0 0 0 0 0
2 12920 0 0 0 0 0
2 13025 0 0 0 0 0
2 13618 0 0 0 0 0
2 15585 0 0 28 0 0
2 15908 0 0 0 0 0
2 16345 0 0 0 0 0
2 17320 0 0 0 0 0
2 17623 0 0 0 18 0
2 17978 0 0 0 0 0
Maria Alramadan
SAU
10
1 2960 0 0 0 0
1 3378 0 0 0 0
1 4577 0 0 0 0
1 6355 0 0 22 0
1 11712 0 0 0 0
2 13774 8 0 0 0 0
2 14122 8 0 0 0 0
1 14979 0 0 22 0
1 16601 29 0 0 0
2 16774 0 0 0 0 0
Maria Eleni Tsiopoulou
GRC
27
1 1527 29 0 0 0
1 3414 0 0 0 0
1 3901 29 0 22 0
1 4393 0 0 0 0
1 4424 29 0 22 0
1 4890 29 34 22 15
2 5536 0 0 0 0 0
2 5624 0 0 0 0 0
2 5967 0 0 0 0 0
2 6245 8 0 0 0 0
2 7034 8 16 0 0 0
2 8622 0 0 0 0 0
2 8725 0 0 0 0 0
2 9674 0 0 0 0 0
2 9904 0 0 0 0 0
2 10215 0 0 0 0 0
2 11175 0 0 0 0 0
2 11234 0 0 0 0 0
2 11768 0 0 0 0 0
2 12080 0 0 0 0 0
2 13027 0 0 0 0 0
2 13834 0 0 0 0 0
2 13911 0 0 0 0 0
3 13936 12 0 0 0 0
2 16668 0 0 0 0 0
1 17904 0 0 0 0
1 17927 29 34 22 15
María Fernanda López Tuyub
MEX
18
1 4523 29 34 22 15
2 8699 0 0 28 0 0
2 9073 0 0 0 0 0
2 9255 8 0 0 0 0
2 9922 8 16 0 0 0
2 10250 0 0 0 0 0
2 10902 8 16 0 0 0
2 11301 0 0 0 0 0
2 11332 0 0 0 0 0
2 11720 8 16 0 0 0
3 13404 0 0 0 0 0
3 13617 0 0 0 0 0
3 13750 0 0 0 0 0
3 13800 12 0 0 0 0
2 15029 0 0 0 0 0
2 15772 0 0 28 18 0
4 17837 0 0 0 0 0 0
4 17867 0 0 0 0 0 0
Mariia Kurdina
FIN
20
1 673 0 0 0 0
1 857 0 0 0 0
2 1660 8 0 0 0 0
2 1846 0 0 0 0 0
2 2542 8 16 0 0 0
2 3065 0 0 0 0 0
3 3699 12 0 0 0 0
1 4921 0 0 0 0
1 5562 0 0 0 0
1 5956 0 0 0 0
2 6465 0 0 0 0 0
1 7236 29 0 0 0
1 7911 29 0 0 0
4 9969 0 0 0 0 0 0
4 10901 0 0 0 0 0 0
1 11776 0 0 0 0
3 14831 0 0 0 0 0
3 15732 0 0 0 0 0
1 16149 0 0 0 0
2 17947 0 0 0 0 0
Marina Prapa
GRC
7
1 1335 0 0 0 0
1 1572 0 0 0 0
1 1739 0 0 0 0
2 3248 0 0 0 0 0
2 4389 8 0 0 0 0
1 6035 29 0 0 0
1 6605 0 0 0 0
Mariza Paspalli
CYP
23
1 862 0 0 0 0
1 1139 29 0 0 0
1 1646 29 34 22 15
3 2609 12 0 0 0 0
2 2941 0 0 0 0 0
2 3014 8 0 0 0 0
2 3625 0 0 28 0 0
2 3824 8 16 0 0 0
2 4124 0 0 0 0 0
2 7399 0 16 0 0 0
2 7494 0 0 0 18 0
4 9352 10 0 0 0 0 0
3 10884 0 0 0 0 0
3 11233 0 0 0 0 0
3 11427 0 0 0 23 0
3 11658 0 0 0 0 0
3 11711 0 0 0 0 0
4 12641 0 0 9 0 0 0
3 16314 0 0 0 0 0
3 16507 0 0 0 0 0
3 16566 0 0 0 0 0
3 17197 0 0 0 0 0
3 17925 0 0 0 0 0
Martha Krebbel
DEU
10
1 1834 0 0 0 0
1 2079 29 0 0 0
1 4187 0 34 0 0
1 4322 29 34 22 15
2 5209 0 0 28 0 0
2 8766 0 0 0 0 0
2 8862 8 16 0 0 0
3 10689 12 0 0 0 0
3 16165 0 0 0 0 0
3 16908 0 0 0 23 0
Maryam Idowu
NOR
12
1 1215 0 0 0 0
1 1873 0 0 0 0
1 3277 0 0 0 0
1 4176 29 0 0 0
2 5099 8 0 0 0 0
3 6087 0 0 0 0 0
3 6301 12 0 0 0 0
2 12760 0 16 0 0 0
1 13714 0 34 0 0
1 13917 0 34 0 0
1 14185 29 34 22 15
1 14287 0 0 0 0
Masa Dobric
HRV
13
1 2278 29 0 0 0
1 2823 29 34 22 15
2 4835 8 16 28 18 30
4 9872 10 0 0 0 0 0
4 10587 10 0 9 0 0 0
3 13681 0 0 0 23 0
3 13819 0 0 0 23 0
3 13861 0 0 0 23 0
3 13911 0 0 0 23 0
3 14059 0 0 0 23 0
3 14165 12 0 0 23 0
3 15092 0 0 0 0 0
3 15248 0 19 0 0 0
Matilde Iannaccone
ITA
42
1 819 0 0 0 0
1 910 0 0 0 0
1 1254 0 0 0 0
1 1285 29 0 0 0
1 1678 29 34 22 15
2 2018 0 0 0 0 0
2 2095 0 0 0 0 0
2 2199 0 0 0 0 0
2 2368 8 0 0 0 0
2 2781 8 16 0 0 0
2 4162 0 0 0 0 0
2 4781 0 0 0 0 0
2 5176 0 0 0 0 0
3 5634 0 0 0 0 0
3 5776 0 0 0 0 0
3 5848 12 0 0 0 0
2 9312 0 0 0 0 0
2 9403 0 0 0 0 0
2 9411 0 0 0 0 0
2 9418 0 0 0 0 0
2 9470 0 0 0 0 0
2 9699 0 0 28 0 0
2 11924 0 0 0 0 0
2 13119 0 0 0 0 0
2 13152 0 0 0 0 0
2 14159 0 0 0 0 0
2 14181 0 0 0 0 0
2 14233 0 0 0 18 0
2 14667 0 16 0 0 0
2 14783 0 0 0 0 0
2 14842 0 16 0 0 0
2 17794 0 0 0 0 0
2 17809 0 0 0 0 0
2 17850 0 0 0 18 0
2 17864 0 0 0 18 0
2 17888 0 0 0 18 0
2 17906 0 0 0 18 0
2 17916 0 0 28 18 0
2 17942 0 16 28 18 0
2 17956 0 0 28 18 0
2 17985 0 16 28 18 0
2 17995 0 0 28 0 0
Meera Yaseen Ahmed Haider Alhosani
ARE
6
1 3685 0 0 0 0
1 4063 0 0 0 0
1 11878 0 0 0 0
1 13035 0 0 0 0
1 15431 0 0 0 0
1 17213 0 0 0 0
Merel Beltman
NLD
12
1 1792 0 0 0 0
1 2848 0 0 0 0
1 3070 29 0 0 0
1 5221 29 0 0 0
3 6374 12 0 0 0 0
2 12086 8 0 0 0 0
2 14118 0 0 0 0 0
1 15021 29 0 0 0
1 15427 0 0 0 0
1 15986 0 0 0 0
1 17420 0 0 0 0
1 17954 0 0 0 0
Michelle Wei
USA
16
1 1176 29 34 22 15
2 4329 8 16 0 0 0
2 7337 8 16 28 18 30
4 11885 0 0 0 0 0 0
4 11933 10 0 0 0 0 0
4 12508 0 0 0 0 0 0
4 12649 0 0 0 0 0 0
4 12799 0 0 0 0 0 0
4 13136 0 0 0 0 0 0
4 13211 0 0 0 0 0 0
4 13339 10 0 0 0 0 0
4 13757 10 0 0 0 0 0
4 13871 10 0 0 0 0 0
4 13988 10 0 0 0 0 0
4 14064 10 0 9 0 0 0
3 14280 12 0 0 0 0
Minea Tiitinen
FIN
19
1 1263 0 0 0 0
1 1856 0 0 0 0
2 2714 0 0 0 0 0
2 2825 8 0 0 0 0
2 3669 8 16 0 0 0
2 5263 0 0 0 0 0
1 6029 0 0 0 0
3 7290 0 0 0 0 0
1 7700 0 0 0 0
1 7745 0 0 0 0
1 7864 29 0 22 0
1 8124 29 0 0 0
1 8231 29 34 22 15
3 8341 12 0 0 0 0
2 10592 0 0 0 0 0
2 12626 8 0 0 0 0
2 13025 0 0 0 0 0
2 17084 0 0 0 0 0
2 17236 0 0 0 0 0
Moira Harte
ISL
7
1 2836 29 0 0 0
3 7417 12 0 0 0 0
2 11427 8 0 0 0 0
1 15131 29 0 0 0
1 15301 29 0 0 0
1 16625 29 0 0 0
1 17071 29 0 0 0
Mona Merlin-Weck
FRA
12
1 2871 29 0 22 0
1 3227 29 34 22 15
2 4091 0 0 0 0 0
2 4226 0 0 0 0 0
2 7022 8 16 0 0 0
2 8479 8 16 0 0 0
3 11161 12 0 0 0 0
3 15031 0 0 0 0 0
4 16443 10 0 0 0 0 0
3 16934 0 0 0 0 0
3 17369 0 0 0 0 0
2 17662 8 16 0 0 0
Myriam Faltin
CHE
14
1 3683 29 0 22 0
1 5140 0 0 0 0
1 5246 29 34 22 15
2 5758 8 16 0 0 0
2 6171 0 0 0 0 0
2 6745 0 0 0 0 0
3 7448 12 0 0 0 0
2 11553 0 0 0 0 0
2 13622 0 0 0 0 0
2 14259 0 0 0 0 0
2 16768 0 0 0 0 0
2 17056 0 0 28 0 0
2 17194 0 0 0 0 0
2 17431 0 0 0 18 0
Nanako Ueda
JPN
14
1 1814 29 34 22 15
2 2586 0 0 28 0 0
2 3306 8 0 0 0 0
2 3521 8 0 0 0 0
2 3622 8 16 0 0 0
2 4697 8 16 28 18 30
3 7807 0 0 0 0 0
3 8044 12 0 0 0 0
3 8658 0 0 0 23 0
3 8792 0 0 0 0 0
3 12779 0 0 0 0 0
4 14690 0 0 0 0 0 0
4 15068 0 0 9 0 0 0
4 15565 10 0 9 0 0 0
Nare Khachatryan
ARM
16
1 1098 0 0 0 0
1 1391 29 0 0 0
1 1675 0 0 0 0
1 2211 0 0 0 0
1 2315 0 0 0 0
2 4634 8 0 0 0 0
1 8145 0 34 0 0
1 8822 29 34 22 15
2 10003 8 16 0 0 0
3 11480 12 0 0 0 0
4 14002 0 0 0 0 0 0
4 14082 0 0 0 0 0 0
3 15167 0 0 0 0 0
2 15908 0 16 0 0 0
4 16916 0 0 0 0 0 0
4 17698 0 0 0 0 0 0
Nathania Jesslyn
IDN
28
1 1740 0 0 0 0
2 4156 8 0 0 0 0
2 4464 0 0 0 0 0
2 4993 8 16 0 0 0
2 5419 0 0 0 0 0
2 5635 0 0 0 0 0
2 5747 0 0 28 0 0
2 6308 0 0 0 0 0
2 6448 0 0 0 18 0
3 7493 0 0 0 0 0
3 7544 12 0 0 0 0
1 9469 0 0 0 0
1 10540 29 0 0 0
1 11531 29 34 22 15
2 12722 8 16 0 0 0
2 12983 8 16 0 0 0
2 13144 0 0 0 0 0
2 13957 8 16 0 0 0
3 15563 0 0 0 0 0
4 16609 0 0 0 0 0 0
3 16838 0 0 0 0 0
2 17203 8 16 0 0 0
2 17471 0 0 0 0 0
2 17515 8 16 0 0 0
2 17639 8 16 28 18 30
2 17674 8 16 28 18 30
3 17911 0 0 0 0 0
3 17992 0 0 0 0 0
Neha Sane
IND
18
2 1065 0 0 0 0 0
2 1308 0 0 0 0 0
2 1339 0 0 0 0 0
2 1979 0 0 28 0 0
2 2145 8 0 0 0 0
2 2307 0 0 0 0 0
2 2365 8 16 0 0 0
2 2782 0 0 0 0 0
2 2839 0 0 0 0 0
2 3357 0 0 0 18 0
3 4335 0 0 0 0 0
3 4452 12 0 0 0 0
1 7134 29 34 22 15
1 7269 29 34 22 15
1 7316 29 34 22 15
4 13182 0 0 0 0 0 0
4 13457 0 0 0 0 0 0
3 16545 0 0 0 0 0
Neha Singirikonda
IND
15
2 2483 8 16 0 0 0
1 3041 0 0 0 0
1 3493 29 0 0 0
1 4815 29 0 22 0
1 5043 0 34 0 0
1 5273 29 34 22 15
3 6281 12 0 0 0 0
4 9910 0 0 0 0 0 0
2 11945 0 0 0 0 0
2 12137 0 0 28 0 0
2 13473 0 0 0 0 0
4 14101 0 0 0 0 0 0
4 14484 0 0 9 0 0 0
4 14862 0 0 0 0 0 0
4 15115 10 0 9 0 0 0
Nehir Karatopcu
TUR
23
1 701 0 0 0 0
1 1763 29 0 0 0
1 2829 29 0 22 0
1 3556 29 34 22 15
2 6832 8 0 0 0 0
2 7480 8 16 0 0 0
2 7897 0 0 28 0 0
2 8023 8 0 0 18 0
2 8681 8 0 0 18 0
2 8784 0 16 28 18 0
2 9023 0 16 28 18 0
3 9367 12 0 0 0 0
3 10987 0 0 0 0 0
3 11176 0 0 0 0 0
4 12727 10 0 0 0 0 0
4 13519 0 0 9 0 0 0
2 13871 8 16 0 0 0
3 14549 0 0 0 0 0
3 14597 0 0 0 0 0
3 15624 0 0 0 0 0
3 16655 0 0 0 0 0
2 16769 0 16 0 0 0
3 17160 0 0 0 23 0
Nermin Idiriz
BGR
35
1 1293 0 0 0 0
1 1610 0 0 0 0
1 1888 0 0 0 0
2 2575 8 0 0 0 0
2 2725 8 16 0 0 0
2 4001 0 0 28 0 0
3 4726 0 0 0 0 0
3 4779 12 0 0 0 0
3 5503 0 0 0 23 0
1 6361 0 0 0 0
1 6963 29 0 0 0
1 7028 0 0 0 0
1 7059 0 0 0 0
1 7386 29 0 0 0
1 8005 29 0 0 0
1 8743 0 34 0 0
1 8966 29 34 0 0
1 9139 0 34 0 0
1 9267 29 34 0 0
1 9716 29 34 0 0
1 9779 29 34 22 15
2 10543 0 0 0 0 0
2 10599 0 0 0 0 0
2 10717 0 0 0 0 0
2 10808 0 0 0 0 0
2 10826 0 0 0 18 0
3 13337 0 0 0 0 0
3 13493 0 0 0 0 0
3 13657 0 0 0 0 0
3 13919 0 0 0 0 0
3 16726 0 0 0 0 0
3 16776 0 0 0 0 0
3 17415 0 0 0 0 0
3 17486 0 0 0 0 0
3 17586 0 19 0 0 0
Nigar Hajiyeva
AZE
17
1 3778 29 0 0 0
1 4217 0 0 0 0
2 4776 0 0 0 0 0
2 5016 0 0 0 0 0
2 5287 8 0 0 0 0
2 5579 8 0 0 0 0
2 5906 8 16 0 0 0
2 7016 0 0 0 0 0
2 7087 0 0 0 0 0
2 7406 0 0 0 0 0
2 7605 0 0 28 0 0
2 10712 8 16 28 18 30
3 11430 12 0 0 0 0
1 14216 0 0 22 0
1 14373 29 34 22 15
4 17949 0 0 0 0 0 0
4 17998 0 0 0 0 0 0
Nino Chkhaidze
GEO
22
1 873 0 0 0 0
1 1497 29 0 0 0
1 1789 29 0 0 0
2 5425 8 0 0 0 0
3 6957 12 0 0 0 0
3 7388 0 0 0 23 0
3 7873 0 0 0 0 0
3 7924 0 0 0 0 0
3 8105 0 0 0 0 0
3 8282 0 0 0 0 0
3 8362 0 0 0 0 0
3 8433 0 0 0 0 0
3 8481 0 0 0 0 0
3 8515 0 19 0 0 0
2 11079 0 0 28 0 0
2 11579 0 0 28 0 0
2 11757 8 16 28 18 30
1 13158 0 0 0 0
3 15633 0 0 0 0 0
3 15932 0 0 27 23 0
1 16951 0 34 0 0
1 17717 29 34 22 15
Nomin-Erdene Nyamdavaa
MNG
15
1 1447 0 0 0 0
1 2356 0 0 0 0
1 2807 0 0 0 0
2 3388 0 0 0 0 0
2 3419 8 0 0 0 0
2 3886 8 16 0 0 0
1 4609 0 0 0 0
1 5532 29 0 0 0
1 7350 0 34 0 0
1 8176 29 34 22 15
2 12168 0 0 28 0 0
3 13873 0 0 0 0 0
3 13906 12 0 0 0 0
2 14955 0 0 0 0 0
2 15009 0 0 0 18 0
Nomu-luun Olonbayar
MNG
22
1 2530 29 0 0 0
1 3742 29 34 22 15
2 4633 0 0 0 0 0
2 4650 0 0 0 0 0
2 4895 0 0 0 0 0
2 5050 0 0 0 0 0
2 5166 8 0 0 0 0
2 5716 0 0 0 0 0
2 5915 0 0 0 0 0
2 6228 0 0 0 0 0
2 6431 8 16 0 0 0
3 8871 12 0 0 0 0
4 11255 0 0 0 0 0 0
4 11807 0 0 0 0 0 0
4 12463 0 0 0 0 0 0
4 14479 0 0 0 0 0 0
4 15104 0 0 0 0 0 0
4 15168 0 0 0 0 0 0
4 16579 0 0 0 0 0 0
4 17301 0 0 0 0 0 0
4 17505 0 0 0 0 0 0
4 17606 0 0 0 0 0 0
Nora Paskaleva
BGR
21
1 2079 0 0 0 0
1 3161 0 0 0 0
1 3246 0 0 0 0
1 3351 29 0 0 0
1 3998 29 34 0 0
1 4555 29 34 0 0
1 4690 0 34 0 0
1 5086 29 34 22 15
2 8890 0 0 0 0 0
2 9151 0 0 28 0 0
2 9543 8 16 28 18 0
2 10304 8 0 28 18 0
2 10377 8 0 28 18 0
2 10706 8 16 28 18 0
2 11526 8 16 0 0 0
2 12425 8 16 28 18 30
3 12796 12 0 0 0 0
3 16479 0 0 0 0 0
3 17925 0 0 0 0 0
3 17952 0 0 0 0 0
3 17995 0 0 0 0 0
Nour Moubarak
EGY
14
1 1731 0 34 0 0
1 2370 29 34 22 15
2 6438 0 0 0 0 0
2 6654 0 0 28 0 0
2 7057 8 16 0 0 0
2 8183 0 0 0 18 0
3 10510 0 0 0 0 0
3 10707 12 0 0 0 0
3 14050 0 0 0 0 0
3 15482 0 0 0 0 0
3 15676 0 0 0 0 0
3 16724 0 19 0 0 0
3 17478 0 0 0 0 0
3 17533 0 0 0 23 0
Nurkhayat Talgatkyzy
KAZ
23
1 837 29 0 0 0
1 2734 0 0 0 0
2 4545 0 0 0 0 0
2 4672 0 0 0 0 0
2 5407 8 0 0 0 0
1 6789 0 0 0 0
1 6831 29 34 22 15
2 7475 0 0 0 0 0
2 7519 0 0 0 0 0
2 7545 0 0 0 0 0
2 7670 0 0 0 0 0
2 7808 0 0 0 0 0
2 8801 0 0 0 0 0
2 9506 8 0 0 0 0
2 9760 0 16 0 0 0
3 14480 0 0 0 0 0
3 14762 0 0 0 0 0
3 14855 0 0 0 0 0
3 15207 0 0 0 0 0
3 15271 12 0 0 0 0
4 17040 0 0 0 0 0 0
4 17063 0 0 0 0 0 0
4 17148 0 0 0 0 0 0
Oana Pașca
ROU
15
1 1541 0 0 0 0
1 1801 29 0 0 0
2 3216 0 0 28 0 0
3 7631 12 0 0 0 0
4 9372 0 0 0 0 0 0
4 10119 0 0 0 0 0 0
1 11115 0 34 0 0
1 11279 29 34 22 15
2 14326 0 0 0 0 0
2 14966 0 0 0 18 0
2 15101 0 0 0 0 0
2 15415 8 16 0 0 0
4 16007 0 0 0 0 0 0
3 17851 0 0 0 0 0
3 17981 0 0 0 0 0
Olha Volianyk
GBR
19
1 1503 29 0 22 0
1 1671 0 0 0 0
1 1829 29 34 22 15
2 3075 0 0 0 0 0
2 3319 0 0 28 0 0
2 8054 8 16 28 18 30
3 10994 0 0 0 0 0
3 11188 0 0 0 0 0
3 12703 0 0 0 0 0
3 12787 0 0 0 0 0
3 12855 12 0 0 0 0
3 14518 0 0 0 0 0
3 15076 0 0 0 0 0
3 15141 0 0 0 0 0
3 15274 0 0 0 0 0
3 15490 0 0 0 0 0
3 15522 0 0 0 0 0
3 15761 0 0 0 0 0
4 17522 10 0 0 0 0 0
Olympia Manou
GRC
20
1 4784 0 0 0 0
1 5078 0 0 0 0
1 6603 0 0 0 0
1 7501 0 0 0 0
1 7610 0 0 0 0
1 7872 0 0 0 0
1 7984 0 0 0 0
1 8360 0 0 0 0
1 10010 0 0 0 0
1 10117 0 0 0 0
1 10241 0 0 0 0
1 10454 0 0 0 0
1 10509 0 0 0 0
1 10928 0 0 0 0
2 12402 0 0 0 0 0
2 12625 0 0 0 0 0
2 13282 0 0 0 0 0
2 13392 0 0 0 0 0
2 13668 0 0 0 0 0
2 14012 0 0 0 0 0
Oysha Mirzatillaeva
UZB
59
1 1066 0 0 0 0
1 1611 0 0 0 0
1 1669 0 0 0 0
1 1845 0 0 0 0
1 1924 0 0 0 0
1 1974 0 0 0 0
1 2014 0 0 0 0
1 2082 0 0 0 0
1 2812 0 0 0 0
1 2905 0 0 0 0
1 3073 0 0 0 0
1 3174 0 0 0 0
1 3779 0 0 0 0
1 3943 0 0 0 0
1 4264 0 0 0 0
1 4819 0 0 0 0
2 5333 0 0 0 0 0
1 6053 0 0 0 0
1 6089 0 0 0 0
1 6163 0 0 0 0
1 6544 0 0 0 0
1 6604 0 0 0 0
1 6735 0 0 0 0
1 6954 0 34 0 0
1 7327 0 0 0 0
1 7364 0 34 0 0
1 7499 0 34 0 0
1 7697 0 34 0 0
1 7743 0 34 0 0
1 7840 0 34 0 0
1 7902 0 34 0 0
1 7985 0 34 0 0
1 8100 0 34 0 0
1 9001 0 34 0 0
1 9639 0 34 0 0
1 10222 0 34 0 0
1 10476 0 0 0 0
1 10546 0 34 0 0
1 11302 29 34 22 15
2 11627 0 0 0 0 0
2 11710 0 0 0 0 0
2 11957 8 0 0 0 0
2 13876 0 0 0 0 0
2 14071 8 16 0 0 0
2 15192 0 0 0 0 0
2 15305 0 0 0 0 0
2 15658 0 0 0 0 0
2 15699 0 0 0 0 0
2 15964 0 0 0 0 0
2 16094 0 0 0 0 0
2 16426 0 0 0 0 0
2 16482 0 0 0 0 0
2 16574 0 0 0 0 0
2 17232 0 0 0 0 0
2 17267 0 0 0 0 0
2 17544 0 0 0 0 0
2 17580 0 0 0 0 0
2 17660 0 0 0 0 0
2 17943 0 0 0 0 0
Paulina Żeleźnik
POL
16
1 1769 29 0 0 0
2 2353 0 0 28 0 0
2 2393 8 16 28 18 0
1 2463 29 34 22 15
2 2584 8 16 28 18 0
2 2720 8 16 28 18 30
3 5530 0 0 0 0 0
3 5950 0 0 0 0 0
3 6847 0 0 0 0 0
3 7607 0 0 0 23 0
3 8257 0 0 0 23 0
3 8354 0 0 0 0 0
3 9057 0 19 0 23 0
3 9829 12 19 27 23 19
4 13143 10 0 0 0 0 0
4 13606 10 0 9 0 0 0
Qiyao Cai
SGP
29
1 1471 29 34 22 15
2 2771 0 16 0 0 0
2 2893 0 0 0 0 0
2 2902 0 0 0 0 0
2 2975 0 0 0 0 0
2 2999 8 0 0 0 0
4 5808 0 0 0 0 0 0
4 7315 10 0 9 0 0 0
3 7539 0 0 0 0 0
3 7582 12 0 0 0 0
2 10351 0 0 0 0 0
2 10418 0 0 0 0 0
2 10436 0 0 0 0 0
2 10490 0 0 0 0 0
2 10704 0 0 0 0 0
2 11637 0 0 28 0 0
2 11730 0 0 0 18 0
2 11796 0 0 0 18 0
3 14612 0 0 0 0 0
3 14675 0 0 0 0 0
3 14754 0 0 0 0 0
3 14905 0 0 0 0 0
3 15565 0 0 0 0 0
3 15637 0 0 0 0 0
3 16067 0 0 0 0 0
3 16165 0 0 0 0 0
3 16325 0 0 0 0 0
3 16336 0 0 0 0 0
4 17944 10 0 0 0 0 0
Rahidil Bayramli
AZE
19
1 631 0 0 0 0
1 1779 0 0 0 0
1 1985 0 0 0 0
2 3976 0 0 0 0 0
1 4116 29 0 0 0
2 7698 8 0 0 0 0
2 8171 0 0 0 0 0
2 8557 0 0 28 0 0
2 8786 0 0 0 0 0
2 8875 0 0 0 0 0
2 9001 8 16 0 0 0
2 9244 0 0 0 0 0
2 9463 0 0 0 18 0
3 10274 0 0 0 0 0
3 10788 0 0 0 23 0
3 10990 12 0 0 0 0
3 14775 0 0 0 0 0
3 16000 0 0 0 0 0
3 17873 0 0 0 0 0
Ramona Poreitere
LVA
17
1 2712 29 34 22 15
2 3564 8 0 0 0 0
2 8065 8 16 0 0 0
2 8514 0 0 0 0 0
2 8928 0 0 0 0 0
2 8947 0 0 0 0 0
2 9552 0 0 0 0 0
2 9579 0 0 0 0 0
3 10276 12 0 0 0 0
4 13166 0 0 0 0 0 0
4 14106 0 0 0 0 0 0
4 14427 10 0 0 0 0 0
2 17194 0 0 0 0 0
2 17702 0 0 28 0 0
2 17730 0 0 0 0 0
2 17772 0 0 0 18 0
4 17825 0 0 0 0 0 0
Reni Paskaleva
BGR
28
1 930 0 0 0 0
1 1587 0 0 0 0
1 1890 29 0 0 0
1 2380 29 0 0 0
1 2901 0 0 0 0
1 3206 29 0 0 0
1 3375 29 0 0 0
1 4327 0 0 0 0
1 4378 0 0 0 0
2 5383 0 0 0 0 0
2 5610 8 16 0 0 0
2 6047 0 0 0 0 0
2 6495 8 0 0 0 0
1 7679 0 0 0 0
1 7969 29 0 22 0
1 8192 0 0 0 0
1 8405 29 34 22 15
2 9563 8 0 0 0 0
2 10781 0 0 28 0 0
2 11269 0 0 28 0 0
2 11537 0 0 0 0 0
2 11621 0 0 0 18 0
3 12775 0 0 0 0 0
3 12828 12 0 0 0 0
3 17918 0 0 0 0 0
3 17970 0 0 0 0 0
3 17976 0 0 0 0 0
3 17999 0 0 0 0 0
Rifal Alhazmi
SAU
9
1 4158 0 0 0 0
1 6331 29 0 0 0
2 7013 8 0 0 0 0
2 8296 8 0 0 0 0
2 8587 8 16 0 0 0
2 9206 0 0 28 0 0
2 10533 8 16 0 18 0
3 11555 12 0 0 0 0
1 17895 0 0 0 0
Rina Hatachi
JPN
12
1 1164 29 0 0 0
2 1655 8 0 0 0 0
2 1868 8 0 0 0 0
2 3125 8 16 28 18 30
3 3776 12 0 0 0 0
1 5857 0 0 0 0
4 6935 10 0 0 0 0 0
1 7342 0 0 0 0
1 8202 29 34 22 15
4 10592 0 0 0 0 0 0
4 10928 0 0 9 0 0 0
4 15858 10 0 9 0 0 0
Rosa Burau
DNK
5
1 5930 0 0 0 0
1 6849 0 0 0 0
1 9822 29 34 22 15
3 13501 12 0 0 0 0
2 14494 8 0 0 0 0
Rosangel Bullon
PER
21
1 2438 29 0 0 0
1 2577 29 0 0 0
1 2967 29 0 0 0
2 3651 0 16 0 0 0
2 4202 0 0 0 0 0
2 4276 8 0 0 0 0
3 5981 12 0 0 0 0
3 9121 0 0 0 0 0
3 9264 0 0 0 0 0
1 10576 0 0 0 0
1 10597 0 0 0 0
1 11051 0 0 0 0
1 11071 0 0 0 0
1 13242 0 0 0 0
1 14078 0 0 0 0
1 14934 0 34 0 0
1 15678 0 34 0 0
1 17118 29 34 22 0
1 17293 29 34 22 0
1 17453 29 34 22 0
3 17960 0 0 0 0 0
Ruijia Peng
SGP
14
1 2822 29 34 22 15
2 5043 8 16 0 0 0
2 9478 0 0 28 0 0
2 10737 8 16 0 0 0
2 11462 0 0 0 0 0
2 12070 0 0 0 0 0
2 12496 0 0 0 0 0
2 12554 0 0 0 0 0
3 13160 12 0 0 0 0
4 15561 10 0 0 0 0 0
3 15911 0 0 0 0 0
2 15959 0 0 0 18 0
3 16186 0 0 0 0 0
3 16254 12 0 0 0 0
Sara Stefanovska
MKD
21
2 3411 0 0 28 0 0
2 3604 0 0 0 0 0
2 3674 0 16 0 0 0
3 5744 12 0 0 0 0
1 6659 0 0 0 0
1 7421 29 0 0 0
1 7728 0 0 0 0
1 7931 0 0 0 0
2 12098 0 0 0 0 0
2 12165 0 0 0 0 0
2 12398 0 0 0 0 0
2 13330 0 0 0 0 0
2 13567 8 0 0 0 0
2 14422 0 0 0 0 0
4 16713 0 0 0 0 0 0
4 16944 0 0 0 0 0 0
4 17337 0 0 0 0 0 0
4 17522 0 0 0 0 0 0
4 17710 0 0 0 0 0 0
4 17761 10 0 0 0 0 0
2 17852 0 0 0 18 0
Selma Hübner
DEU
9
1 1446 29 34 22 15
3 5591 12 0 0 0 0
3 7641 0 0 0 23 0
3 9534 0 0 0 0 0
3 9915 0 0 0 0 0
3 11299 0 0 0 0 0
2 14351 8 16 28 18 30
3 14707 0 0 0 0 0
3 15051 0 19 0 0 0
Selma Mujačić
BIH
16
1 1894 29 34 22 15
2 8313 0 0 0 0 0
2 8705 0 0 0 0 0
2 8741 8 0 0 0 0
2 9845 0 0 0 0 0
4 12429 0 0 0 0 0 0
4 13731 0 0 0 0 0 0
3 15734 0 0 0 0 0
3 15973 0 0 0 0 0
3 16225 0 0 0 0 0
3 16321 0 0 0 0 0
3 16490 0 0 0 0 0
3 16514 0 0 0 0 0
3 16734 0 0 0 0 0
3 17328 0 0 0 0 0
3 17782 12 0 0 0 0
Serena Federici
ITA
20
1 2487 29 0 0 0
1 5939 0 34 0 0
1 6985 29 34 22 0
1 7080 29 34 22 0
2 8095 0 0 28 18 0
2 8540 8 0 0 0 0
2 9029 0 0 0 0 0
2 9132 0 0 0 0 0
2 9155 0 0 0 0 0
3 10990 0 0 0 0 0
3 11060 12 0 0 0 0
3 14357 0 0 0 0 0
3 14405 0 0 0 0 0
1 15987 29 34 22 0
2 16555 0 0 0 0 0
3 16752 0 0 0 0 0
3 17508 0 0 0 0 0
3 17656 0 0 0 0 0
3 17770 0 0 0 0 0
3 17838 0 0 0 0 0
Sima Miliūnaitė
LTU
9
1 1819 29 34 22 15
2 4798 0 0 0 0 0
2 6719 0 0 0 0 0
2 6881 0 0 0 0 0
3 7646 0 0 0 0 0
3 7680 12 0 0 0 0
3 12398 0 0 0 0 0
2 17633 0 0 0 0 0
2 17750 0 0 0 0 0
Simona Hristova
BGR
27
1 967 29 0 0 0
1 1042 29 0 0 0
1 1850 29 34 22 15
2 2524 0 0 28 0 0
2 2942 8 16 28 18 30
3 4963 0 0 0 0 0
3 5219 0 0 0 23 0
3 6533 12 0 0 0 0
3 7491 0 0 0 0 0
3 7827 0 0 0 0 0
3 7970 0 19 0 0 0
3 10536 0 0 27 0 0
3 11265 0 0 0 0 0
3 11591 12 19 27 23 0
3 11680 12 19 27 23 0
3 11960 12 19 27 23 19
4 13013 0 0 0 0 0 0
4 13111 0 0 0 0 0 0
4 13564 0 0 0 0 0 0
4 13978 0 0 0 0 0 0
4 14679 10 0 0 0 0 0
4 14881 0 0 0 0 0 0
4 15066 10 0 9 0 0 0
4 16375 0 0 0 0 0 0
4 16584 0 0 0 0 0 0
4 16806 0 0 0 0 0 0
4 16964 0 0 0 0 0 0
Sneha Babu Palatingal
ARE
14
1 2442 29 0 0 0
1 5598 0 0 0 0
1 5636 0 0 0 0
1 5672 0 0 0 0
1 6590 0 0 0 0
1 7000 0 0 0 0
1 7036 0 0 0 0
1 7198 0 0 0 0
2 10104 0 0 0 0 0
2 10164 0 0 0 0 0
2 10581 0 0 0 0 0
1 14330 0 0 0 0
2 16790 8 0 0 0 0
1 17905 0 0 0 0
Sofia Cintra
BRA
10
1 2508 29 34 22 15
2 3892 8 16 28 18 30
3 8083 0 0 0 23 0
3 8485 12 0 0 0 0
3 13043 0 0 0 0 0
3 13448 0 0 0 0 0
3 13562 0 0 0 0 0
3 13775 0 0 0 0 0
3 14362 0 0 0 0 0
3 15027 0 19 0 0 0
Sofia Maragò
ITA
7
2 2624 0 0 28 0 0
2 3136 8 16 28 18 30
3 3925 12 0 0 0 0
1 6425 29 34 22 15
3 9140 0 0 0 23 0
4 15148 10 0 0 0 0 0
4 15876 0 0 9 0 0 0
Sofie Fu
SWE
22
1 1567 0 0 0 0
1 1658 0 0 0 0
1 1679 29 0 0 0
1 1895 29 0 0 0
1 2458 29 34 22 15
2 5732 0 0 0 0 0
2 6201 0 0 0 0 0
2 6265 0 0 0 0 0
2 6359 8 16 0 0 0
3 7708 0 0 0 0 0
3 7729 0 0 0 0 0
3 7760 12 0 0 0 0
3 11317 0 0 0 0 0
3 11435 0 0 0 0 0
3 11501 0 0 0 0 0
2 13580 0 0 0 0 0
2 17068 0 0 0 0 0
4 17089 0 0 0 0 0 0
4 17245 0 0 0 0 0 0
4 17328 0 0 0 0 0 0
4 17632 0 0 0 0 0 0
4 17715 0 0 0 0 0 0
Sofija Čebašek
SRB
28
1 2996 29 34 22 15
2 4746 8 16 28 18 30
3 5660 12 0 0 0 0
3 7690 12 0 0 0 0
3 7815 12 0 0 0 0
3 7960 12 0 0 0 0
3 8794 12 0 0 23 0
3 10546 12 0 0 23 0
3 10633 12 0 0 23 0
3 10665 12 0 0 23 0
3 10682 12 0 0 23 0
3 10797 12 0 0 23 0
3 10932 0 0 0 0 0
3 11014 0 0 0 0 0
3 11076 0 19 0 0 0
3 11387 0 0 0 0 0
3 11606 0 0 27 0 0
4 14381 0 0 0 0 0 0
4 14534 0 0 0 0 0 0
4 14676 0 0 0 0 0 0
4 14710 0 0 0 0 0 0
4 14789 0 0 0 0 0 0
4 16223 0 0 0 0 0 0
4 16253 10 0 0 0 0 0
4 17127 0 0 0 0 0 0
4 17256 0 0 9 0 0 0
4 17422 10 0 9 0 0 0
4 17455 10 0 9 0 0 0
Sofija Velkovska
HRV
4
2 3202 8 16 28 18 30
1 4508 29 34 22 15
3 16100 0 0 0 23 0
3 16272 12 0 0 0 0
Solikha Dagarova
UZB
13
1 1640 0 0 0 0
1 2530 0 0 0 0
1 3535 0 0 0 0
1 3609 29 34 0 0
1 4522 29 34 22 15
2 7411 0 0 0 0 0
2 7589 0 0 0 0 0
3 9745 12 0 0 0 0
2 11916 8 0 0 0 0
2 12325 0 0 0 0 0
4 17525 0 0 0 0 0 0
4 17786 0 0 0 0 0 0
4 17854 0 0 0 0 0 0
Sondos Elshobaky
EGY
24
1 1934 29 0 0 0
1 2400 0 0 0 0
1 2863 0 34 0 0
1 3049 29 0 0 0
1 3667 29 34 22 15
2 5287 8 16 0 0 0
2 5724 0 0 0 0 0
2 5927 0 0 28 0 0
2 6138 0 0 0 0 0
2 6234 0 0 0 0 0
2 6270 0 0 0 0 0
2 6846 0 0 0 18 0
3 8269 12 0 0 0 0
3 9896 0 0 0 0 0
3 10042 0 0 0 0 0
3 10458 0 0 0 0 0
3 10780 0 0 0 0 0
3 11002 0 0 0 0 0
4 13396 0 0 0 0 0 0
4 13519 0 0 0 0 0 0
4 14163 10 0 0 0 0 0
4 14297 0 0 0 0 0 0
4 14736 10 0 0 0 0 0
4 15239 0 0 9 0 0 0
Svatava Šimečková
CZE
22
1 1544 29 34 22 15
3 7835 0 0 0 23 0
3 7916 0 0 0 0 0
3 8179 12 0 0 0 0
3 8460 0 0 0 0 0
3 8511 0 0 0 0 0
3 8545 0 0 0 0 0
3 8770 0 0 0 0 0
3 9014 0 0 0 0 0
3 9049 0 0 0 0 0
3 9978 0 19 0 0 0
3 9994 0 19 0 0 0
4 12668 10 0 0 0 0 0
4 13028 10 0 9 0 0 0
2 14535 0 0 28 0 0
2 14802 0 0 28 0 0
2 14907 8 16 0 0 0
2 15014 0 0 0 0 0
2 15059 0 0 0 18 0
4 17136 10 0 0 13 0 0
4 17183 10 0 0 0 0 0
4 17484 10 0 0 0 13 0
Sylwia Sapkowska
POL
12
1 1287 29 34 22 15
2 1539 0 16 0 0 0
2 1940 0 0 0 0 0
2 4340 8 16 28 18 30
3 6324 0 0 0 23 0
3 8381 12 0 0 0 0
3 8738 12 0 0 0 0
3 8977 12 0 27 23 0
3 9397 12 19 27 23 0
4 11715 10 0 0 13 0 0
4 12254 10 0 9 0 0 0
4 13252 0 0 0 0 12 0
Uliana Malanyak
AUT
14
1 2319 29 0 0 0
1 3188 29 34 22 15
2 6407 8 16 28 18 30
3 8459 0 0 0 0 0
3 8525 0 0 0 0 0
3 8574 12 0 0 0 0
3 10422 0 0 0 0 0
3 10455 0 0 0 0 0
4 10482 0 0 0 0 0 0
4 10580 0 0 0 0 0 0
4 10717 0 0 0 0 0 0
4 11197 0 0 0 0 0 0
3 15087 0 19 0 0 0
3 16214 0 0 0 23 0
Urankhishig Bat-Erdene
MNG
19
1 1437 0 0 0 0
1 1723 0 0 0 0
1 3997 0 0 0 0
1 5087 0 0 0 0
2 5624 0 0 0 0 0
2 5722 0 0 0 0 0
2 5970 0 0 0 0 0
1 6779 0 0 0 0
1 8142 0 0 0 0
1 8575 29 0 0 0
1 9932 29 0 0 0
1 10387 29 0 0 0
2 12323 0 0 0 0 0
1 13078 29 0 0 0
1 13714 29 0 0 0
1 14360 29 0 0 0
1 16901 29 0 0 0
1 16992 29 0 0 0
1 17680 29 0 0 0
Varvara Glinova
KGZ
7
1 2674 29 0 0 0
2 10208 0 0 0 0 0
2 11251 8 16 0 0 0
3 12715 12 0 0 0 0
1 16159 0 0 0 0
1 16238 29 0 22 0
1 17995 0 0 0 0
Vedika Yogesh
ARE
19
1 916 0 0 0 0
1 991 0 0 0 0
1 1019 0 0 0 0
1 1058 0 0 0 0
2 1247 0 0 0 0 0
1 1736 0 0 0 0
1 1760 0 0 0 0
1 3462 0 0 0 0
1 3497 0 0 0 0
1 4038 29 0 0 0
2 5698 0 0 0 0 0
2 6033 0 0 0 0 0
2 6470 0 0 0 0 0
1 6911 0 0 0 0
2 9165 0 0 0 0 0
2 15260 0 0 0 0 0
2 15318 0 0 0 0 0
2 15712 0 0 0 0 0
1 17720 0 0 0 0
Vera Morancho Bargas
ESP
14
1 1889 29 34 22 15
3 2661 12 0 0 0 0
2 4888 0 0 0 0 0
2 5062 0 0 0 0 0
2 5565 8 0 0 0 0
2 6460 0 0 0 0 0
3 10796 0 0 0 23 0
4 12692 10 0 0 0 0 0
4 14655 0 0 0 0 0 0
4 15090 0 0 0 0 0 0
4 15540 10 0 0 0 0 0
4 16036 10 0 9 0 0 0
2 17460 0 0 0 0 0
2 17573 0 0 0 0 0
Viktoriia Lavrova
UKR
30
1 2422 0 0 0 0
1 2508 0 0 0 0
1 2836 0 0 0 0
1 3333 0 0 0 0
1 3457 0 34 0 0
1 3556 0 34 0 0
1 3759 0 34 0 0
1 3906 0 34 0 0
1 4337 29 34 22 15
2 5466 8 16 0 0 0
2 5729 8 16 0 0 0
2 6118 8 0 0 0 0
2 9843 0 0 0 0 0
2 10007 8 16 0 0 0
2 10952 0 0 0 0 0
2 11062 0 0 0 0 0
2 11230 0 0 0 0 0
2 11275 8 16 0 0 0
3 11850 0 0 0 0 0
3 11919 0 0 0 0 0
3 12014 12 0 0 0 0
2 12604 8 16 0 0 0
2 13428 0 16 0 0 0
2 13520 8 16 0 0 0
2 13902 0 0 0 0 0
2 13966 0 0 0 0 0
2 14010 8 16 0 0 0
3 16962 0 0 0 0 0
3 17733 0 0 0 0 0
3 17859 0 0 0 0 0
Violeta Jürgens
EST
19
1 1228 0 0 0 0
1 1518 29 0 0 0
1 2831 0 0 0 0
1 3012 0 0 0 0
1 3162 29 0 0 0
1 3671 29 0 0 0
1 3905 0 0 0 0
1 4293 0 0 0 0
1 4535 0 0 0 0
2 8881 0 0 0 0 0
2 9056 0 0 0 0 0
2 9643 8 0 0 0 0
2 11688 0 0 0 0 0
1 13395 0 0 0 0
1 16094 0 34 0 0
1 16517 0 34 0 0
1 17103 29 34 22 15
2 17724 0 0 0 0 0
2 17774 0 0 0 0 0
Vivienne Burckhardt
CHE
7
2 2123 8 16 28 18 30
1 3701 29 34 22 15
3 4651 0 0 0 0 0
3 4707 12 0 0 0 0
3 11703 0 0 0 23 0
3 14652 0 0 0 0 0
3 14877 0 19 0 0 0
Wendy Huang
NLD2
10
1 4055 29 0 0 0
2 6291 0 0 0 0 0
2 6533 0 0 0 0 0
2 6645 0 0 0 0 0
2 6898 0 0 0 0 0
2 7305 0 0 0 0 0
2 9204 8 0 0 0 0
3 16763 0 0 0 0 0
3 16817 12 0 0 0 0
3 16997 12 0 0 0 0
Yara Rezk
EGY
11
1 2391 29 34 22 15
2 2949 8 0 0 0 0
2 3154 8 16 0 0 0
2 3725 0 0 28 0 0
2 4307 0 0 0 18 0
3 5286 0 0 0 0 0
3 5401 12 0 0 0 0
3 7938 0 0 0 0 0
3 8233 0 0 0 23 0
3 12384 0 0 27 23 0
2 16812 0 16 28 18 0
Yareli Guadalupe Padrón Rivera
MEX
17
1 849 0 0 0 0
1 900 0 0 0 0
1 1323 0 0 0 0
1 3295 0 0 0 0
1 4523 0 0 0 0
2 7903 8 0 0 0 0
1 8541 0 0 0 0
1 10996 0 0 0 0
2 11287 8 0 0 0 0
2 11432 8 0 0 0 0
3 12900 0 0 0 0 0
3 13005 12 0 0 0 0
1 14612 0 0 0 0
2 16786 0 0 0 0 0
2 17280 0 0 0 0 0
2 17413 0 0 0 0 0
2 17503 0 0 0 0 0
You-Han Huang
NLD
32
1 653 0 0 0 0
1 1134 0 0 0 0
1 1325 0 0 0 0
1 1854 0 0 0 0
1 2158 0 0 0 0
1 2446 0 0 0 0
2 3088 0 0 0 0 0
2 3214 0 0 0 0 0
2 3276 8 0 0 0 0
3 3855 0 0 0 0 0
3 3985 0 0 0 0 0
3 4460 0 0 0 0 0
3 4581 0 0 0 0 0
3 4667 12 0 0 0 0
1 5528 29 0 0 0
1 6106 29 0 0 0
1 7399 0 0 0 0
1 8599 0 0 0 0
1 8988 0 0 0 0
1 11100 0 34 0 0
1 11210 0 34 0 0
1 11261 29 34 22 15
2 11894 8 0 0 0 0
2 12340 8 16 0 0 0
2 13503 8 16 0 0 0
2 14858 8 0 0 0 0
2 15658 8 0 0 0 0
2 16497 0 0 0 0 0
2 16682 0 0 0 0 0
2 17519 0 0 0 0 0
2 17533 0 0 0 0 0
2 17588 0 0 0 0 0
Yunna Kheifets
UKR
5
1 1855 29 34 22 15
2 4904 8 16 0 0 0
2 5869 8 16 0 0 0
2 5958 8 16 0 0 0
2 6339 8 16 28 18 30
Zarnigor Rakhimova
UZB
9
1 2287 29 34 22 15
2 5083 0 0 0 0 0
2 5622 8 0 0 0 0
2 9490 0 0 28 0 0
2 9771 8 16 0 0 0
2 10638 8 0 0 0 0
2 10759 8 16 0 18 0
3 12663 12 0 0 0 0
4 16323 0 0 0 0 0 0
Zena Ayoub
EGY
23
1 1043 0 0 0 0
1 1333 0 0 0 0
1 2944 29 34 22 15
2 4065 8 0 0 0 0
2 4458 0 0 0 0 0
2 4569 0 0 0 0 0
2 4604 0 0 0 0 0
2 4717 0 0 0 0 0
2 5154 0 0 0 0 0
2 5369 0 0 0 0 0
2 5689 8 16 0 0 0
2 6876 0 0 28 0 0
2 7068 0 0 28 0 0
2 7132 0 0 28 0 0
3 11757 0 0 0 0 0
3 13534 0 0 0 0 0
3 13765 0 0 0 23 0
3 14164 12 0 0 0 0
2 17103 0 0 0 0 0
3 17316 0 0 0 23 0
3 17423 0 19 0 23 0
3 17615 0 19 0 0 0
3 17684 0 19 0 0 0
Zhannur Baurzhankyzy
KAZ
9
2 3486 0 0 0 0 0
2 3562 8 0 0 0 0
3 4638 12 0 0 0 0
1 12559 0 0 0 0
1 13334 29 0 0 0
2 15070 0 0 0 0 0
2 16415 0 0 0 0 0
2 16692 0 0 0 0 0
2 17647 8 0 0 0 0
Zofia Krok
POL
14
1 1856 29 34 22 15
2 5691 8 16 28 18 30
3 13236 12 0 0 0 0
3 15186 0 0 0 0 0
3 15533 0 0 0 0 0
3 15644 0 0 0 0 0
3 15893 0 0 0 23 0
3 16694 0 0 0 0 0
3 16806 0 0 0 0 0
3 16948 0 0 0 0 0
3 17003 0 0 0 23 0
3 17110 0 0 0 0 0
3 17245 0 0 0 0 0
3 17383 0 19 0 0 0
Zsófia Keresztély
HUN
12
1 1106 29 34 22 15
3 4546 12 0 0 0 0
3 7009 0 0 0 23 0
4 10243 0 0 0 0 0 0
4 10615 0 0 0 0 0 0
4 12502 0 0 0 0 0 0
4 12607 10 0 0 0 0 0
2 14027 0 16 0 0 0
2 14262 8 0 0 0 0
2 15327 0 0 28 0 0
3 15783 0 0 0 0 0
4 15894 0 0 9 0 0 0
