8099 18000000
4
1
2
3
4
196
Aanya Goyal
IND
10
1 1131 30 0 0 0
1 1182 0 35 0 0
1 1218 0 0 20 0
1 1240 0 0 0 15
2 1861 21 0 0
2 6782 21 30 49
3 7636 0
3 7670 0
3 7705 0
3 7925 0
Aanya Kaur Agrawal
SGP
7
1 281 30 0 0 0
1 320 0 35 0 0
1 375 0 0 20 0
1 427 0 0 0 15
2 1051 21 30 49
3 1801 17
4 3075 10
Agnes Tennisberg
EST
11
1 333 0 0 0 0
1 394 0 0 0 0
1 470 0 0 0 0
1 718 0 0 0 15
1 775 0 35 0 0
1 788 0 0 0 0
1 798 30 0 0 0
1 840 0 0 0 0
2 1719 0 30 0
1 1782 0 0 20 0
2 2447 21 30 49
Aiperi Akzholtoeva
KGZ
15
1 91 30 0 0 0
1 120 0 35 0 0
1 160 0 0 20 0
1 180 0 0 0 15
2 508 21 30 49
4 3470 10
3 4947 0
3 5018 0
3 5032 0
3 5278 0
3 5363 0
3 6509 17
3 6893 20
3 6961 20
3 7841 0
Aistė Savickaitė
LTU
12
4 3476 0
4 3543 0
1 3691 30 0 0 0
1 3715 0 35 0 0
1 3740 0 0 20 0
1 3771 0 0 0 15
4 3983 100
2 5379 21 30 49
3 7533 0
3 7893 0
3 7920 0
3 8053 0
Ajda Heric
SVN
11
1 565 0 35 0 0
1 654 30 0 0 0
1 869 0 0 20 0
1 924 0 0 0 15
1 961 0 35 0 0
2 2334 0 0 0
2 2463 0 0 0
2 3025 0 0 0
2 3867 21 0 0
3 5373 0
3 6733 0
Akari Fujii
JPN
8
1 875 30 0 0 0
1 908 0 35 0 0
1 991 0 0 20 0
1 1080 0 0 0 15
2 1809 21 30 49
3 4668 73
4 6674 0
4 7267 29
Aleksandra Streltsova
NOR
12
1 1356 0 0 0 0
1 1381 30 0 0 0
1 1405 0 35 0 0
1 1428 0 0 20 0
1 1451 0 0 0 15
2 2506 21 30 49
3 3123 0
3 3176 0
3 3204 17
4 7032 0
4 7706 0
4 8032 0
Alexa Wu
AUS
21
1 1015 0 0 0 0
1 1150 0 0 0 0
1 1204 0 0 0 0
1 1305 0 0 0 0
1 1466 0 0 0 0
1 1528 0 0 0 0
1 1556 0 0 0 0
1 1685 0 0 0 0
1 1834 0 0 0 0
1 2144 30 0 0 0
1 2171 0 35 0 0
1 2183 0 0 0 0
1 2213 0 0 20 0
1 2229 0 0 0 15
1 3266 0 0 0 0
1 3309 0 0 0 0
2 3470 0 0 0
2 3516 0 0 0
2 3578 0 0 0
2 3600 0 0 0
2 3621 0 0 0
Alica Dományová
SVK
8
1 560 30 0 0 0
1 647 0 35 0 0
1 664 0 0 20 0
1 676 0 0 0 15
2 1581 0 0 0
2 1766 21 30 49
3 6699 0
3 7327 0
Alma Harbaš
BIH
15
1 569 30 0 0 0
1 592 0 35 0 0
1 609 0 35 0 0
1 682 0 0 20 0
1 754 0 0 0 0
1 776 0 0 0 15
2 2380 0 0 0
2 2939 0 0 0
2 3203 0 30 0
2 3524 21 0 0
2 3727 0 0 0
3 5313 0
3 5704 0
3 5890 0
3 6124 0
Alondra Valdivia Sánchez
MEX
13
1 301 0 0 0 0
1 323 30 0 0 0
1 358 0 35 0 0
1 405 0 0 0 0
1 514 0 0 20 0
1 547 0 0 0 15
2 2214 0 0 0
4 2569 0
4 2616 0
3 3459 17
2 3842 0 0 0
4 7635 0
4 7693 0
Ana Petcu
ROU
16
1 100 30 0 0 0
1 141 0 0 20 0
1 179 0 35 0 0
1 216 0 0 0 0
1 284 0 0 0 15
2 1055 21 30 49
3 2244 0
3 2571 0
3 2905 0
3 3142 0
3 3186 21
4 4102 0
4 4503 0
4 4770 10
4 6729 0
4 7438 30
Anastasia Corsac
MDA
6
1 452 30 0 0 0
1 507 0 35 0 0
1 702 0 0 20 0
1 728 0 0 0 15
2 1237 21 30 49
3 2794 0
Anastasiia Saranchina
SWE
16
1 502 30 0 0 0
1 638 0 0 0 0
1 694 0 0 20 0
1 732 0 35 0 0
1 751 0 0 0 0
1 834 0 0 0 0
1 858 0 0 0 15
2 1430 21 30 49
3 2251 0
3 2647 73
3 2691 73
3 6531 0
3 6827 0
3 7522 0
3 7557 74
3 7761 65
Andreea Șendrean
MDA
2
1 507 0 35 0 0
2 2235 21 30 49
Andriana Polymenaku
GRC
4
1 766 30 0 0 0
1 878 0 35 0 0
1 987 0 0 0 0
3 5362 73
Anh Linh Tran
CZE
7
1 671 30 0 0 0
1 712 0 35 0 0
1 797 30 0 0 0
1 840 0 0 0 0
1 895 0 0 20 0
1 953 0 0 0 15
4 7500 0
Anja Dožić
SRB
11
1 845 0 0 0 0
1 905 30 0 0 0
1 939 0 35 0 0
1 1002 0 0 20 0
1 1070 0 0 0 15
2 1696 21 30 49
3 2346 0
3 2421 0
3 2689 0
3 4664 0
3 4704 25
Anneli Oro
EST
7
1 823 30 0 0 0
1 983 0 0 0 0
1 1013 0 35 0 0
2 1752 0 0 0
1 2952 0 0 20 0
1 3076 0 0 0 15
2 7595 0 0 0
Annika Märtin
EST
7
2 3153 0 30 0
1 3224 30 0 0 0
1 3260 0 35 0 0
1 3289 0 0 20 0
1 3316 0 0 0 15
2 3827 21 0 0
2 5071 21 30 49
Antonela Vladeva
MKD
15
1 597 30 0 0 0
1 660 0 35 0 0
1 720 0 0 0 0
1 801 0 0 20 0
1 843 0 0 0 15
3 2496 0
3 3431 71
2 5711 0 0 0
2 5752 0 0 0
4 5798 0
2 6363 21 30 49
4 7594 0
4 7900 0
4 7994 0
4 8037 0
Ariadna Franch Pérez
ESP
7
1 496 30 0 0 0
1 606 0 35 0 0
1 681 0 0 20 0
1 734 0 0 0 15
2 1707 21 30 49
4 2962 30
3 3555 17
Arpi Prazyan
ARM
14
1 721 30 0 0 0
1 775 0 35 0 0
1 788 0 0 20 0
1 799 0 0 0 15
2 1362 21 0 0
2 1645 21 0 0
2 1713 21 0 0
2 1841 21 30 49
3 4362 0
3 5531 0
3 5847 0
3 6240 0
3 6664 37
3 7250 47
Assemay Bakhytzhan
KAZ
14
1 1026 30 0 0 0
1 1083 0 35 0 0
1 1103 0 0 20 0
1 1118 0 0 0 15
2 2070 21 0 0
2 3243 21 0 0
2 3727 21 0 0
3 4623 0
3 4672 0
4 5645 10
2 6971 21 30 49
3 7462 0
3 7535 0
3 7611 0
Atina Ruvinova
MKD
13
1 114 30 0 0 0
1 126 0 35 0 0
1 140 0 0 20 0
1 164 0 0 0 15
2 465 21 30 49
3 1118 0
4 3638 0
4 3810 0
4 4200 0
4 4938 0
3 6578 0
4 7348 0
4 7854 0
Aurora Huang
USA
11
1 1001 30 0 0 0
1 1133 0 0 20 0
2 2826 21 30 49
1 2972 0 35 0 0
1 3010 0 0 0 15
3 4247 17
3 4366 26
3 5442 35
4 6667 30
3 7715 73
3 7800 68
Austėja Bolytė
LTU
10
1 960 0 35 0 0
1 1000 30 0 0 0
1 1030 0 0 0 0
1 1089 0 0 0 0
1 1128 0 0 0 15
2 2256 21 0 0
2 2515 21 30 49
1 5034 0 0 20 0
3 5595 0
3 6242 17
Ayan Karimova
AZE
10
1 321 30 0 0 0
4 2962 0
4 3813 0
4 3851 0
4 3875 0
4 5526 0
4 5634 30
3 6995 0
3 7302 0
3 7476 0
Ayana Fridkin
AUS
16
1 330 30 0 0 0
1 353 0 35 0 0
1 372 0 0 0 0
1 442 0 0 0 0
1 457 0 0 20 0
1 481 0 0 0 15
2 785 0 0 0
2 1218 21 30 49
3 2315 0
2 4088 0 0 0
2 4128 0 0 0
2 4223 0 0 0
3 5058 0
4 5438 0
4 5563 0
4 5655 10
Baljmaa Batjargal
MNG
10
2 2563 21 0 0
1 4315 30 0 0 0
1 4353 0 0 0 0
1 4510 0 35 0 0
1 4561 0 0 0 0
1 4628 0 0 0 0
1 4919 0 0 0 0
1 5010 0 0 20 0
1 5054 0 0 0 15
2 6396 0 30 0
Basmah Mansour
SAU
6
1 2177 30 0 0 0
1 2219 0 35 0 0
1 3076 0 0 20 0
1 3213 0 0 0 0
1 3278 0 0 0 15
2 5920 21 30 49
Beatrice Cesonyte
IRL
8
1 379 30 0 0 0
1 533 0 0 0 0
1 600 30 0 0 0
2 1105 0 0 0
2 1244 0 0 0
2 1362 0 0 0
2 1651 21 0 0
3 3686 0
Bergüzar Yürüm
TUR
31
1 223 30 0 0 0
1 249 0 35 0 0
1 299 0 35 0 0
1 398 0 0 0 0
1 473 0 0 20 0
1 496 0 0 0 15
2 962 21 0 0
2 1163 0 0 0
2 1182 21 30 49
3 3510 0
4 3600 0
4 3697 0
4 3745 0
4 3788 0
4 3895 0
4 3945 0
4 4020 0
4 4100 75
4 4183 0
4 4253 89
4 4346 0
4 4380 0
3 5252 0
3 5514 0
3 5762 0
3 5978 34
3 6007 30
3 6033 35
3 6059 33
3 6087 28
3 6125 27
Carolin Wester
AUT
8
1 1983 30 0 0 0
1 2053 0 35 0 0
2 3280 0 0 0
2 4003 21 0 0
1 4042 0 0 0 0
1 4101 0 0 0 15
1 4176 0 0 0 0
2 5636 0 30 0
Chadha Brahmi
DZA
15
2 3417 0 0 0
2 3459 0 0 0
2 4470 21 0 0
1 4805 0 0 0 0
1 4840 0 35 0 0
1 5101 0 0 0 0
1 5123 30 0 0 0
1 5177 0 0 0 0
1 5204 0 0 0 0
1 5230 0 0 0 0
1 5248 0 0 0 0
1 5267 0 0 0 15
1 5345 0 0 0 0
1 5459 0 0 20 0
2 5526 21 0 0
Christina Chen
AUS
17
1 639 30 0 0 0
1 798 0 0 0 0
1 841 0 0 0 0
1 992 0 0 0 0
1 1202 0 0 0 0
1 1265 0 0 0 0
1 1386 0 0 0 0
1 1432 0 0 0 0
1 1486 0 0 0 0
1 1635 0 0 0 0
1 1705 0 0 0 0
2 2287 21 30 49
1 3166 0 0 0 0
1 3206 0 0 0 0
1 3299 0 0 0 0
1 3541 0 0 0 0
4 5646 10
Clara Fontes
BRA
8
1 2212 30 0 0 0
1 2246 0 35 0 0
1 2265 0 0 0 0
1 2293 0 0 20 0
1 2305 0 0 0 15
4 4104 0
4 4345 0
4 5001 10
Clémence Pham
FRA
11
1 434 30 0 0 0
1 468 0 35 0 0
1 548 0 0 0 0
1 610 0 0 20 0
1 663 0 0 0 15
2 1152 21 30 49
3 1751 0
3 2173 0
3 2862 73
3 3228 62
3 3358 67
Daphne Carmesin
DEU
16
1 172 30 0 0 0
1 193 0 35 0 0
1 230 0 0 0 0
1 268 0 0 20 0
1 289 0 0 0 15
2 626 21 30 49
3 1236 17
4 4614 0
4 4888 0
4 5045 0
4 5098 0
4 5144 0
4 5299 0
4 5538 0
4 5575 10
4 5977 0
Daria Lobas
POL
15
2 899 21 30 49
1 1015 30 0 0 0
1 1048 0 35 0 0
1 1083 0 0 20 0
4 2672 0
4 2718 0
4 2949 0
4 3195 0
4 3236 0
1 3279 0 0 0 15
4 3612 0
4 3644 0
4 3670 0
4 3718 0
4 4047 10
Daria Perekopska
UKR
8
1 304 30 0 0 0
1 323 0 35 0 0
1 344 0 0 20 0
1 420 0 0 0 15
2 739 21 30 49
4 4435 0
4 4899 0
4 6620 60
Dayana Iskhakova
KAZ
11
1 630 30 0 0 0
1 647 0 35 0 0
1 657 0 0 0 0
1 666 0 0 0 15
1 717 0 0 20 0
2 1828 0 0 0
2 1874 21 30 49
3 2840 17
4 3629 0
4 3841 10
3 4538 17
Diana D
PER
12
1 926 30 0 0 0
3 1697 0
3 3001 0
3 3074 0
3 5334 17
2 5986 0 30 0
1 7206 0 35 0 0
1 7240 0 0 0 0
1 7304 0 0 0 0
1 7425 0 0 20 0
1 7504 0 0 0 0
1 7579 0 0 0 15
Diāna Stecka
LVA
11
1 1371 30 0 0 0
1 1458 0 35 0 0
1 1545 0 0 0 0
1 1622 0 0 0 0
1 1661 0 0 0 15
2 3231 0 0 0
2 3340 21 30 49
1 3408 0 0 0 0
1 3438 0 0 20 0
3 3792 17
3 5275 17
Dóra Horváth
HUN
7
1 259 0 0 20 0
1 291 30 0 0 0
1 355 0 35 0 0
1 379 0 0 0 15
2 944 21 0 0
2 1537 0 0 0
2 1806 21 30 49
Dorka Nguyen Kim
HUN
3
1 1128 30 0 0 0
1 1373 0 35 0 0
2 3935 21 30 49
Duru Özer
TUR
21
1 256 0 0 0 0
1 281 30 0 0 0
1 306 30 0 0 0
1 350 0 35 0 0
1 399 0 0 20 0
1 423 0 0 0 15
2 798 21 0 0
2 909 0 0 0
2 987 21 30 49
3 1443 0
3 1518 37
3 1809 51
3 1852 52
3 1875 35
3 2423 0
3 2454 0
3 2527 37
3 3192 35
3 3214 35
3 3237 32
4 4870 89
Elif Keleş
TUR
18
1 143 30 0 0 0
1 171 0 35 0 0
1 213 0 0 20 0
1 275 0 0 0 15
2 655 21 0 0
2 1011 0 30 0
2 1287 21 0 0
2 2360 0 0 0
1 2408 0 0 0 15
2 2491 21 30 49
3 3371 0
3 5482 0
3 5593 17
3 5626 17
3 5934 8
3 6054 24
3 6224 24
4 7902 0
Elisa Ipate
ROU
18
1 60 30 0 0 0
1 82 0 35 0 0
1 104 0 0 0 0
1 123 0 0 20 0
1 136 0 0 0 15
3 632 0
3 683 0
3 791 0
3 850 0
2 1513 21 0 0
3 2139 0
2 2173 21 30 49
3 4308 0
3 4346 0
3 5033 0
3 5360 0
3 5572 17
3 6358 26
Eliška Macáková
SVK
9
1 99 30 0 0 0
1 108 0 0 20 0
1 126 0 35 0 0
1 141 0 0 20 0
1 162 0 0 0 15
3 726 73
3 1079 79
2 1982 21 0 0
2 2079 21 30 49
Ellie Zhou
NZL
12
1 472 30 0 0 0
1 505 0 35 0 0
1 546 0 0 0 0
1 643 0 0 0 0
1 719 0 0 0 0
1 799 0 0 0 15
1 899 0 0 0 0
1 2966 0 0 0 0
1 3006 0 0 20 0
3 4743 6
3 4906 0
3 5069 0
Ellinor Åhlander
SWE
8
1 1592 0 0 0 0
1 1647 0 0 0 0
1 1733 0 35 0 0
1 2783 30 0 0 0
2 3011 21 30 49
1 3130 0 0 20 0
1 3160 0 0 0 15
1 4243 0 0 0 15
Ema Daujotė
LTU
14
1 239 30 0 0 0
1 270 0 35 0 0
1 448 0 0 0 0
1 544 0 0 0 15
1 606 0 0 0 0
1 668 0 0 0 0
2 1206 21 0 0
1 3735 0 0 0 0
2 5877 0 0 0
2 5984 0 0 0
2 6021 0 0 0
2 6072 0 0 0
2 7229 0 30 0
1 7426 0 0 20 0
Emi Shimura
JPN
12
1 288 30 0 0 0
1 311 0 35 0 0
1 356 0 0 0 0
1 405 0 0 20 0
1 439 0 0 0 15
2 1149 21 30 49
3 1913 0
3 2520 17
4 5103 10
3 7292 0
4 7307 0
4 7781 30
Émie Gallasso
FRA
17
1 393 30 0 0 0
1 450 0 35 0 0
1 504 0 35 0 0
1 792 0 0 0 0
1 903 0 0 20 0
1 968 0 0 0 15
1 1218 0 35 0 0
1 1265 0 35 0 0
1 1348 0 35 0 0
2 2921 0 0 0
2 3150 0 0 0
2 3531 0 0 0
2 3792 21 30 49
3 4415 0
3 4663 17
4 7672 0
4 8005 0
Emina Hasanbegović
BIH
9
1 2143 30 0 0 0
1 2189 0 35 0 0
1 2216 0 0 0 15
1 2250 0 0 20 0
3 4119 0
3 4196 0
3 4353 0
3 5274 0
2 6157 21 30 49
Emma Nordli
NOR
9
1 424 0 0 20 0
1 463 0 0 0 15
1 502 0 0 20 0
1 676 0 0 0 15
1 846 0 0 0 0
1 885 30 0 0 0
2 2845 0 0 0
1 3560 0 35 0 0
3 7752 17
Estela Baron Nakamura
BRA
7
1 855 30 0 0 0
1 884 0 35 0 0
1 946 0 0 0 0
1 1128 0 0 20 0
1 1228 0 0 0 15
2 2340 21 30 49
3 6343 0
Eulàlia Gaya Bretones
ESP
22
1 206 30 0 0 0
1 234 0 0 20 0
1 261 0 35 0 0
1 282 0 0 0 15
2 1101 21 30 49
3 1537 73
3 1721 79
3 1959 79
3 1973 79
3 2619 71
3 3933 0
3 4060 70
3 4084 74
3 4108 72
3 4129 73
3 4154 79
3 4172 73
3 4280 70
4 4891 0
4 4979 10
4 7123 0
4 7156 0
Eva Rodríguez Muñoz
MEX
11
1 424 30 0 0 0
1 483 0 0 0 0
1 955 0 35 0 0
1 1060 0 0 0 0
1 1198 0 0 0 0
1 1301 0 0 0 0
1 1403 0 0 0 15
2 4598 0 30 0
1 5178 0 0 0 0
1 5241 0 0 0 15
1 5252 0 0 20 0
Eva Sóllilja Einarsdóttir
ISL
19
1 660 30 0 0 0
1 690 0 35 0 0
2 2046 21 30 49
1 3207 0 0 20 0
1 3239 0 0 0 0
1 3262 0 0 0 15
3 3731 0
3 3785 0
3 4066 0
3 4221 17
3 5228 0
3 5374 0
3 5608 0
3 5633 0
3 5784 0
3 5867 0
3 6132 0
3 6258 73
3 6358 73
Eva Zhu
USA
14
1 373 30 0 0 0
1 389 0 35 0 0
1 413 0 0 20 0
1 438 0 0 0 15
2 820 0 0 0
2 865 0 0 0
2 921 0 0 0
2 1027 0 0 0
2 1199 21 30 49
3 7486 68
3 7701 72
3 7855 0
3 7880 72
3 8051 66
Fae Negoro
IDN
7
1 596 0 0 0 0
1 619 0 0 0 0
3 800 0
1 865 0 0 0 0
3 3104 17
1 4618 30 0 0 0
1 4808 0 35 0 0
Farah Demirović
BIH
15
1 288 30 0 0 0
1 315 0 0 0 0
1 361 0 35 0 0
1 421 0 0 20 0
1 663 0 0 0 15
2 1036 21 30 49
4 5354 0
4 5662 0
4 6072 0
4 6278 0
4 6435 0
4 6478 0
4 6495 0
4 6607 10
4 7345 89
Frédérique Scheffrahn
NLD
9
1 712 0 0 0 0
1 1052 30 0 0 0
1 1712 30 0 0 0
2 2181 0 0 0
2 2422 21 0 0
3 4479 17
1 5103 0 35 0 0
4 7771 0
4 7854 0
Freja Gregersen
DNK
10
1 655 30 0 0 0
1 676 0 35 0 0
1 697 0 0 20 0
1 718 0 0 0 15
1 770 0 0 20 0
2 2077 0 0 0
3 5232 0
3 5266 0
3 5994 17
2 6171 21 0 0
Gabriela Barbieri Stroeh
BRA
9
1 881 30 0 0 0
1 927 0 35 0 0
3 2576 22
1 3806 0 0 0 0
1 3829 0 0 0 0
1 3870 0 0 20 0
1 3898 0 0 0 15
2 4737 21 30 49
4 5378 10
Grace Li
USA
16
1 698 30 0 0 0
1 851 0 35 0 0
1 865 0 0 0 0
1 874 0 0 0 15
1 960 0 0 20 0
2 1575 21 30 49
3 2321 17
3 2875 23
4 3939 0
4 4213 10
3 5974 0
3 6081 0
3 6358 73
4 7475 0
3 7654 73
3 8099 0
Gvantsa Khvedelidze
GEO
10
1 156 30 0 0 0
1 183 0 35 0 0
1 229 0 0 20 0
1 273 0 0 0 15
2 548 0 0 0
2 700 0 0 0
2 839 0 0 0
2 1610 21 30 49
3 1908 0
3 4624 73
Hana Kalábová
SVK
11
1 258 30 0 0 0
1 278 0 35 0 0
1 308 0 0 20 0
1 321 0 0 0 15
2 1199 21 30 49
3 1881 73
3 3146 0
3 3222 0
3 3264 64
4 7168 0
4 7355 90
Hannah Oss
CHE
17
1 896 30 0 0 0
1 932 0 35 0 0
1 950 0 0 20 0
1 1168 0 0 0 15
2 1407 21 0 0
2 1684 0 0 0
2 1707 0 0 0
2 1759 0 0 0
2 1829 0 0 0
2 1959 0 0 0
2 2047 0 0 0
2 2076 21 30 49
2 2167 0 0 0
2 2234 0 0 0
2 2317 0 0 0
2 2396 0 0 0
3 3720 17
Hannah Withers
NZL
5
1 852 30 0 0 0
1 899 0 35 0 0
1 940 0 0 20 0
1 972 0 0 0 15
3 7221 0
Hayuhi Mikayelyan
ARM
6
1 625 0 0 0 0
1 699 30 0 0 0
1 754 0 35 0 0
1 817 0 0 0 0
1 902 0 0 0 0
1 942 0 0 0 15
Hiba Hamidi
DZA
24
1 1311 0 0 0 0
1 1343 30 0 0 0
1 1365 0 35 0 0
1 1488 0 0 0 0
1 1502 0 0 0 0
1 1512 0 35 0 0
1 1585 0 0 0 0
1 1601 30 0 0 0
1 1666 0 0 0 0
1 1679 0 0 20 0
1 1757 0 0 0 15
2 2828 0 0 0
2 2847 0 0 0
2 3101 0 0 0
2 3151 0 0 0
2 3238 0 0 0
2 3273 0 0 0
2 3333 0 0 0
2 3360 0 0 0
2 3818 0 0 0
2 3930 0 0 0
2 4409 0 0 0
2 5413 0 0 0
2 5511 21 0 0
Honey Raut
AUS
16
1 562 0 0 0 0
1 588 0 0 20 0
2 669 0 0 0
2 756 0 0 0
2 1186 0 0 0
2 1379 0 0 0
3 2036 22
3 2175 0
3 2242 0
3 2279 22
3 2345 0
3 2376 0
3 2528 0
3 3939 0
1 4351 0 0 20 0
2 4362 0 0 0
Hongjia Meng
CHE
11
1 155 30 0 0 0
1 209 0 35 0 0
1 234 0 0 20 0
1 259 0 0 0 15
2 1182 0 30 0
2 1315 0 0 0
2 1367 0 0 0
2 1452 0 30 0
2 1490 21 30 49
3 1982 17
3 2005 17
Inès Fischler
FRA
7
1 1044 30 0 0 0
1 1101 0 35 0 0
1 1141 0 0 20 0
1 1201 0 0 0 15
2 2380 21 0 0
2 3048 21 30 49
3 4906 73
Irina Stanišić
SRB
5
1 1474 30 0 0 0
1 1577 0 35 0 0
3 2078 22
3 2770 73
4 3852 10
Isabel Reinema
DEU
13
1 723 30 0 0 0
1 764 0 35 0 0
1 831 0 0 20 0
1 867 0 0 0 15
2 1996 21 0 0
2 2373 0 0 0
2 2414 21 30 49
4 5853 0
4 6126 0
4 6373 0
4 6626 100
3 7697 24
3 7733 24
Iulia Morariu
ROU
11
1 42 0 0 0 0
1 94 30 0 0 0
1 138 0 35 0 0
1 195 0 0 20 0
1 253 0 0 0 15
2 721 21 30 49
3 1440 17
3 6562 0
4 6576 0
4 7403 0
4 7835 10
Iva Živković
SRB
26
1 240 30 0 0 0
1 258 0 35 0 0
1 271 0 35 0 0
1 284 0 35 0 0
1 352 0 0 20 0
1 362 0 0 0 15
2 721 21 30 49
3 3008 0
3 3960 0
3 4096 17
3 4139 0
3 4185 17
3 4212 20
3 4267 19
3 4302 0
3 4442 0
3 4479 0
3 4556 0
3 4581 0
3 4683 0
3 5510 0
3 5604 0
3 6078 0
3 6105 0
3 6235 0
3 6291 0
Jelizaveta Deņisova
LVA
8
1 459 30 0 0 0
1 485 0 35 0 0
1 551 0 0 0 0
1 607 0 0 0 15
1 630 0 0 20 0
4 4741 10
2 5777 0 30 0
2 6098 21 30 49
Jenna Hayes
IRL
0
Jiachen Mi
SWE
6
1 1172 30 0 0 0
1 1276 0 0 20 0
1 1504 0 35 0 0
3 5088 0
3 5334 0
3 5604 17
Jovana Trifunoska
MKD
10
1 419 30 0 0 0
1 474 0 35 0 0
1 548 0 0 0 0
1 610 0 0 20 0
1 651 0 0 0 15
2 1188 21 30 49
3 2061 0
4 4883 0
3 6853 37
3 7414 71
Julia Escoto
NZL
11
1 74 30 0 0 0
1 172 0 35 0 0
1 207 0 0 0 0
1 258 0 0 0 15
1 295 0 0 0 0
3 1497 0
4 1880 10
3 2800 0
1 3059 0 0 20 0
3 6431 0
2 6744 21 0 0
Julia Volovich
GBR
12
1 1102 0 0 0 15
2 2238 0 0 0
2 2280 21 30 49
1 2352 0 35 0 0
1 2421 30 0 0 0
1 2442 0 0 20 0
1 2456 30 0 0 0
3 2889 17
4 3145 0
3 3175 17
3 3206 17
4 4799 10
Juno Rainey
NZL
11
1 450 30 0 0 0
1 493 0 35 0 0
1 564 0 0 0 0
1 598 0 0 0 15
2 2008 21 30 49
1 3936 0 0 0 0
4 4960 0
4 5363 0
4 5446 0
1 6200 0 0 20 0
4 7018 10
Kaja Skomakerstuen
NOR
10
1 780 0 0 0 0
1 861 0 0 0 0
1 984 30 0 0 0
1 1238 0 0 0 0
1 1277 0 35 0 0
2 1645 0 0 0
1 4032 0 0 20 0
1 4073 0 0 0 15
2 4246 21 0 0
3 8023 0
Karina Kovalska
NLD
10
1 132 30 0 0 0
1 159 0 35 0 0
1 174 0 0 0 0
1 190 0 0 0 15
1 329 0 0 20 0
2 1012 21 30 49
3 5183 18
3 5211 18
3 6444 0
4 8039 0
Kitija Kampiņa
LVA
18
1 698 30 0 0 0
1 741 0 35 0 0
1 818 0 0 0 0
1 907 0 0 0 15
2 2060 0 30 0
2 2217 0 30 0
1 2515 0 0 20 0
1 2540 0 0 20 0
2 2770 0 0 0
3 3209 0
3 3515 17
3 3617 26
4 5599 0
4 6107 0
4 6864 0
4 7014 0
4 7188 0
4 7515 0
Korina Nagy
HUN
12
1 785 30 0 0 0
1 818 0 35 0 0
1 872 0 0 0 15
1 898 0 0 0 0
1 969 0 0 20 0
2 2131 0 0 0
3 3124 0
3 3325 17
2 3594 0 30 0
1 5546 0 0 20 0
2 6392 21 30 49
3 7653 73
Kristina Hayrapetyan
ARM
6
1 625 30 0 0 0
1 656 0 35 0 0
1 685 0 0 0 0
1 755 0 0 20 0
1 920 0 0 0 15
4 3193 0
Kseniia Strelbytska
UKR
13
1 221 30 0 0 0
1 244 0 35 0 0
1 434 0 0 20 0
1 448 0 0 0 15
2 690 21 30 49
4 4281 0
4 4327 0
4 4397 0
4 4630 0
4 4729 0
4 4833 0
4 4905 0
4 4924 10
Lamar Alhebshi
SAU
8
1 1017 0 0 0 0
1 1087 30 0 0 0
1 1116 0 35 0 0
1 1142 0 0 20 0
1 1164 0 0 0 15
2 1557 0 0 0
2 1624 21 30 49
3 2603 17
Lana Skarica
HRV
10
1 1175 30 0 0 0
1 1207 0 0 20 0
1 1252 0 35 0 0
1 1280 0 0 0 15
2 2205 21 0 0
2 2296 21 0 0
2 3030 0 30 0
2 4619 21 30 49
3 6984 73
3 7387 73
Lara Semes
HRV
23
1 241 30 0 0 0
1 275 0 35 0 0
1 307 0 0 0 0
1 405 0 0 20 0
1 426 0 0 0 15
2 981 21 30 49
3 2985 35
3 3116 35
3 3287 79
3 3362 74
3 3432 74
3 3508 79
3 3631 74
3 4415 74
3 4523 79
3 4588 78
3 5247 74
3 5373 73
3 7439 74
3 7529 0
3 7589 0
3 7645 0
3 7698 79
Lara Stamać
SVN
19
1 741 30 0 0 0
1 786 0 35 0 0
2 1268 0 0 0
2 1569 21 30 49
3 2503 0
3 2957 0
3 3020 0
3 3161 0
3 3712 0
3 3851 0
3 3883 0
3 4013 0
3 4460 0
3 4681 17
3 4813 0
3 7414 0
3 7666 0
3 7951 0
3 8052 0
Laura Muliar
PRT
3
1 7291 30 0 0 0
1 7330 0 0 0 0
1 7412 0 35 0 0
Laura Shaw
LUX
13
1 993 30 0 0 0
1 1024 0 35 0 0
2 2002 21 0 0
1 2056 0 0 0 0
1 2182 0 0 0 0
1 2269 0 0 20 0
2 2474 0 0 0
2 2545 21 0 0
2 2588 21 0 0
2 3399 21 0 0
2 3944 21 30 49
3 5119 0
1 5209 0 0 0 15
Lavinia Tornaghi
ITA
5
2 612 21 30 49
1 695 30 0 0 0
1 742 0 35 0 0
1 876 0 0 20 0
1 923 0 0 0 15
Le Xuan Chieu
SGP
18
1 354 0 0 0 0
1 501 0 0 20 0
1 570 0 35 0 0
1 605 30 0 0 0
1 646 0 0 0 15
2 2763 21 30 49
2 3196 21 30 49
3 6686 0
3 6712 0
3 6784 0
3 6797 0
3 6810 0
3 6895 0
3 7467 23
3 7520 4
3 7547 4
3 7596 12
3 7623 0
Lenka Poljaková
CZE
6
1 259 30 0 0 0
1 288 0 0 0 15
1 321 0 35 0 0
1 343 0 0 0 0
1 383 0 0 20 0
2 2467 21 0 0
Leyla Hajizada
AZE
13
1 553 30 0 0 0
1 586 0 0 20 0
1 623 0 0 0 15
1 643 0 35 0 0
2 935 0 0 0
2 1184 0 0 0
2 1304 0 30 0
2 1731 21 30 49
3 2079 17
4 2700 10
4 7044 0
4 7238 0
4 7336 30
Lidia Casado
ESP
9
1 598 30 0 0 0
1 630 0 35 0 0
1 699 0 0 20 0
1 740 0 0 0 15
3 2995 0
2 3408 21 30 49
3 4518 56
3 4573 56
3 8097 0
Lieke Visser
NLD2
20
1 942 0 0 0 0
1 989 0 0 0 0
1 1213 30 0 0 0
1 1254 30 0 0 0
1 1332 0 35 0 0
1 1387 0 0 0 0
1 1478 0 0 0 0
1 1542 0 0 0 0
1 1589 0 0 0 15
1 1701 0 0 0 0
2 2436 21 0 0
1 2718 0 0 0 0
1 2767 0 0 0 0
1 2849 0 0 0 0
1 3255 0 0 0 0
1 3343 0 0 20 0
2 4832 0 0 0
3 7345 17
2 7942 0 0 0
2 8066 0 0 0
Lily Cahill
IRL
12
1 170 30 0 0 0
1 222 0 35 0 0
1 321 0 0 20 0
1 341 0 0 0 15
2 1071 0 0 0
2 1742 0 30 0
2 1946 0 0 0
2 2029 21 0 0
2 6206 0 30 0
2 6727 0 0 0
2 6880 0 0 0
2 7882 0 0 0
Linh Nguyen
FIN
9
1 168 30 0 0 0
1 193 0 35 0 0
1 243 0 0 20 0
1 271 0 0 0 15
2 1328 21 30 49
3 1877 17
3 1943 0
3 1991 0
3 2059 17
Louise Bernier
LUX
0
Lucia Chladná
SVK
10
1 127 30 0 0 0
1 166 0 35 0 0
1 208 0 0 20 0
1 298 0 0 0 0
1 339 0 0 0 0
1 400 0 0 0 15
2 1668 21 30 49
3 6012 0
3 6037 0
3 6232 17
Lucie Roskovská
CZE
10
1 639 30 0 0 0
1 659 0 35 0 0
1 711 0 0 0 0
1 756 0 0 0 0
1 854 0 0 20 0
1 902 0 0 20 0
1 936 0 0 0 15
2 1612 21 30 49
3 2282 21
3 2645 17
Lyydia Lehtinen
FIN
8
1 835 0 0 0 0
1 1074 30 0 0 0
1 1110 0 35 0 0
1 1141 0 0 20 0
1 1167 0 0 0 15
1 1195 0 35 0 0
2 3775 21 0 0
3 6835 0
Mahra Salim Ali Bin Rasheed Alketbi
ARE
0
Maia Reffs Vistisen
DNK
10
1 225 0 0 0 0
1 280 30 0 0 0
1 344 0 35 0 0
1 396 0 0 20 0
1 431 0 0 0 15
2 1481 21 30 49
3 2368 0
3 3770 17
3 5675 0
3 6441 73
Malika Khojamuratova
UZB
0
Mansi Sane
IND
6
1 357 30 0 0 0
1 385 0 35 0 0
1 584 0 0 0 15
1 642 0 0 20 0
2 2178 0 0 0
2 2326 21 30 49
Maria Alramadan
SAU
6
1 729 0 35 0 0
1 5278 30 0 0 0
1 5290 0 0 0 0
1 5300 0 0 0 15
2 6959 21 30 49
1 7012 0 0 20 0
Maria Eleni Tsiopoulou
GRC
10
1 835 30 0 0 0
1 859 0 35 0 0
1 883 0 0 0 0
1 921 0 0 0 0
1 961 0 0 20 0
1 991 0 0 0 15
2 1790 0 0 0
2 2007 21 30 49
3 2350 74
1 2717 0 0 0 15
María Fernanda López Tuyub
MEX
10
1 312 30 0 0 0
1 339 0 35 0 0
1 386 0 0 0 0
1 444 0 0 0 0
1 3110 0 0 0 0
1 3140 0 0 20 0
1 3171 0 0 0 15
2 4471 21 30 49
2 4495 0 0 0
2 4514 0 0 0
Mariia Kurdina
FIN
17
1 757 30 0 0 0
1 795 0 35 0 0
1 845 0 0 0 0
1 894 0 0 20 0
1 930 0 0 0 15
2 1587 21 0 0
2 1906 0 30 0
2 2227 0 0 0
2 2242 0 0 0
3 4029 25
4 5000 0
2 5622 0 0 0
4 6693 0
4 7009 0
4 7095 0
4 7344 0
4 7740 10
Marina Prapa
GRC
4
1 873 0 0 0 0
1 925 0 0 0 0
2 3000 0 0 0
2 3033 21 0 0
Mariza Paspalli
CYP
15
1 345 30 0 0 0
1 367 0 35 0 0
1 398 0 0 20 0
1 417 0 0 0 15
2 587 21 0 0
2 1094 0 30 0
2 1191 21 30 0
3 1681 17
4 3655 60
3 4820 17
3 4841 17
2 5128 21 30 49
3 5150 17
3 5213 26
3 5516 26
Martha Krebbel
DEU
9
1 765 30 0 0 0
1 814 0 35 0 0
2 2334 21 30 49
1 3169 0 0 0 0
1 3345 0 0 20 0
1 3518 0 0 0 15
4 6486 0
4 6563 10
3 7219 17
Maryam Idowu
NOR
16
1 617 30 0 0 0
1 658 0 35 0 0
1 676 0 0 20 0
1 721 0 35 0 0
1 757 0 0 0 15
2 1944 0 30 0
2 2620 0 30 0
2 2802 0 0 0
2 2877 0 0 0
2 2978 21 0 0
4 6285 0
4 6338 0
4 6389 0
3 7489 0
3 7550 0
3 7632 17
Masa Dobric
HRV
9
1 693 30 0 0 0
1 713 0 35 0 0
1 732 0 0 20 0
1 757 0 0 0 15
2 1213 21 30 49
3 1731 0
3 1780 17
3 2240 17
4 3699 10
Matilde Iannaccone
ITA
22
1 651 0 0 0 0
1 661 0 0 0 0
1 673 0 0 0 0
1 682 0 0 0 0
1 692 0 0 0 0
1 728 0 0 0 0
1 739 0 0 0 0
1 780 0 35 0 0
1 792 30 0 0 0
1 803 0 0 0 0
1 856 0 0 0 15
1 891 0 0 0 0
2 1439 0 0 0
2 1472 0 0 0
2 2028 21 0 0
2 2338 0 0 0
2 2399 21 30 49
3 2796 0
3 2824 0
3 2887 0
1 3729 0 0 0 0
1 3767 0 0 20 0
Meera Yaseen Ahmed Haider Alhosani
ARE
7
1 1667 0 0 0 0
1 1705 30 0 0 0
1 1760 30 0 0 0
1 2129 0 0 0 15
1 4164 0 35 0 0
1 4297 0 0 20 0
2 7409 0 0 0
Merel Beltman
NLD
8
1 901 30 0 0 0
1 1039 0 35 0 0
2 2123 0 30 0
2 2755 21 0 0
3 4402 0
3 5894 17
4 7682 0
4 8067 10
Michelle Wei
USA
7
1 716 30 0 0 0
1 730 0 0 0 0
1 754 0 35 0 0
1 763 0 0 0 15
1 861 0 0 20 0
2 1498 21 30 49
4 7251 10
Minea Tiitinen
FIN
8
1 727 30 0 0 0
1 768 0 35 0 0
1 792 0 0 0 0
1 845 0 0 0 0
1 911 0 0 20 0
1 935 0 0 0 15
2 1883 21 0 0
3 4998 17
Moira Harte
ISL
11
1 774 30 0 0 0
1 800 0 35 0 0
1 832 0 0 0 0
1 872 0 0 0 0
1 894 0 0 0 15
1 950 0 0 0 0
1 2653 0 0 20 0
2 5129 0 30 0
2 6414 0 30 0
2 6487 0 0 0
2 6511 21 30 49
Mona Merlin-Weck
FRA
7
1 1183 30 0 0 0
1 1222 0 35 0 0
1 1296 0 0 20 0
1 1323 0 0 0 15
2 2288 21 0 0
2 4000 21 30 49
3 5099 17
Myriam Faltin
CHE
17
1 1734 30 0 0 0
1 1780 0 0 0 0
1 1938 0 0 0 0
1 1968 0 35 0 0
1 1991 0 0 0 0
1 2010 0 0 0 0
1 2022 0 0 0 15
1 2065 0 0 20 0
3 3625 17
2 4679 21 30 49
2 4705 21 30 49
2 4874 0 0 0
2 4916 0 0 0
2 5674 21 30 49
2 6375 0 0 0
4 7701 0
4 7978 10
Nanako Ueda
JPN
16
1 222 30 0 0 0
1 264 0 35 0 0
1 292 0 0 20 0
1 323 0 0 0 15
2 1580 21 30 49
3 1956 22
3 2130 74
2 2409 0 0 0
2 2539 0 0 0
2 2584 0 0 0
4 3475 0
4 3508 10
4 3601 10
4 3953 0
4 4069 0
4 4215 30
Nare Khachatryan
ARM
10
1 895 30 0 0 0
1 933 0 0 0 0
1 957 0 35 0 0
1 1694 0 0 0 0
1 1739 0 0 20 0
1 1766 0 0 0 0
1 1813 0 0 0 15
2 3679 0 30 0
2 3832 21 0 0
4 6383 30
Nathania Jesslyn
IDN
7
1 875 30 0 0 0
1 950 0 0 0 15
1 1189 0 0 0 0
1 1252 0 0 0 0
1 1286 0 0 0 0
3 1760 0
3 2722 0
Neha Sane
IND
10
1 1680 30 0 0 0
1 1704 0 35 0 0
1 1725 0 0 0 0
1 1767 0 0 20 0
1 1783 0 0 0 15
3 2310 13
3 2390 16
3 2682 18
2 2920 21 0 0
2 3112 21 30 49
Neha Singirikonda
IND
12
1 568 0 0 0 0
1 678 30 0 0 0
1 703 0 35 0 0
1 738 0 0 0 15
1 975 0 0 0 0
1 1025 0 0 20 0
2 4423 0 0 0
2 4662 0 0 0
2 5042 0 0 0
2 5330 0 0 0
2 6265 0 0 0
2 6785 21 30 49
Nehir Karatopcu
TUR
16
1 105 30 0 0 0
1 155 0 35 0 0
1 192 0 0 20 0
1 221 0 0 0 15
2 690 21 30 49
3 1384 19
3 1665 19
4 4918 0
4 5491 0
4 6070 0
4 6117 0
4 6233 0
4 6409 0
4 6476 0
4 7307 30
4 7990 0
Nermin Idiriz
BGR
9
1 823 30 0 0 0
1 851 0 35 0 0
1 894 0 0 20 0
1 947 0 0 0 15
2 1776 21 30 49
4 3672 0
4 3796 10
3 4957 0
3 5009 23
Nigar Hajiyeva
AZE
18
1 519 30 0 0 0
1 808 0 0 0 15
1 877 0 35 0 0
1 919 0 0 0 0
1 1028 0 35 0 0
1 1169 0 0 20 0
2 1740 21 30 49
3 2406 17
3 2521 17
4 5656 0
4 5774 0
4 5816 0
4 5929 0
4 6149 0
4 6241 10
4 6644 0
4 6766 0
4 6875 0
Nino Chkhaidze
GEO
27
1 154 30 0 0 0
1 181 0 35 0 0
1 210 0 0 0 0
1 227 0 0 0 15
1 273 0 0 20 0
2 688 21 30 49
3 1167 0
3 1219 17
3 1307 17
4 4153 0
3 4321 0
4 4348 0
4 4414 0
4 4540 0
4 4870 0
4 5250 0
4 5639 0
4 5671 0
4 5995 0
3 6150 0
3 6302 23
3 6441 23
3 6702 73
4 7888 0
4 8008 0
4 8039 0
4 8093 60
Nomin-Erdene Nyamdavaa
MNG
8
1 301 0 35 0 0
2 1198 0 0 0
2 1662 21 30 49
1 1899 30 0 0 0
1 3480 0 0 0 15
1 3518 0 0 0 0
1 3571 0 0 20 0
3 5963 0
Nomu-luun Olonbayar
MNG
9
1 1338 30 0 0 0
2 4732 0 30 0
1 4984 0 35 0 0
1 5019 0 0 0 0
1 5111 0 0 0 0
1 5141 0 0 0 15
1 5285 0 0 20 0
2 7634 0 0 0
2 8043 21 30 49
Nora Paskaleva
BGR
11
1 4542 30 0 0 0
1 4595 30 0 0 0
1 4657 0 35 0 0
1 4692 0 0 0 15
1 4786 0 0 0 15
1 4831 0 0 0 0
1 4872 0 0 20 0
2 5180 21 30 49
3 5455 17
3 6212 73
3 6307 0
Nour Moubarak
EGY
8
1 1731 30 0 0 0
1 1754 0 0 0 0
1 1786 0 35 0 0
1 1842 0 0 0 0
1 1888 0 0 20 0
1 1916 0 0 0 15
2 2524 21 30 49
3 6222 17
Nurkhayat Talgatkyzy
KAZ
19
1 348 0 0 20 0
1 369 30 0 0 0
1 395 0 35 0 0
1 413 30 0 0 0
2 1037 0 30 0
2 1335 0 0 0
2 1356 21 30 0
3 2220 0
4 3392 0
4 3447 0
4 3496 0
4 3836 0
4 4084 10
3 4332 0
3 4380 0
3 4580 17
4 6778 0
4 6976 30
2 7393 21 30 49
Oana Pașca
ROU
12
1 595 30 0 0 0
1 615 0 35 0 0
1 627 0 0 0 0
1 700 0 0 0 15
1 726 0 0 0 0
2 1329 0 0 0
2 1354 21 30 49
1 2752 0 0 0 0
1 2835 0 0 20 0
4 3918 0
4 4973 0
4 5128 10
Olha Volianyk
GBR
5
1 295 30 0 0 0
1 355 0 35 0 0
1 414 0 0 20 0
1 451 0 0 0 15
2 1090 21 30 49
Olympia Manou
GRC
4
1 1293 30 0 0 0
1 1364 0 35 0 0
1 2714 0 0 0 0
3 4618 22
Oysha Mirzatillaeva
UZB
0
Paulina Zeleźnik
POL
13
2 448 21 30 49
4 2987 0
4 3040 0
4 3340 0
4 3387 0
4 3905 0
4 3950 0
4 4344 0
4 4637 0
4 4869 0
4 5170 0
4 5877 0
4 5922 0
Qiyao Cai
SGP
7
1 595 30 0 0 0
1 609 0 35 0 0
1 617 0 0 20 0
1 642 0 0 0 15
3 6188 17
3 6206 17
2 6654 21 30 49
Rahidil Bayramli
AZE
14
1 126 0 0 20 0
1 177 0 35 0 0
1 218 30 0 0 0
1 242 0 0 0 15
2 586 21 30 49
4 1467 0
4 1569 10
3 4112 19
3 4601 23
4 6011 0
4 6320 0
4 6455 0
4 6506 0
4 7933 30
Ramona Poreitere
LVA
6
1 122 30 0 0 0
1 137 0 35 0 0
1 162 0 0 20 0
1 176 0 0 0 15
4 2279 10
2 4532 21 30 49
Reni Paskaleva
BGR
6
1 4445 0 0 20 0
1 4552 0 0 0 15
1 4608 0 35 0 0
1 4637 30 0 0 0
3 5549 17
3 7098 17
Rifal Alhazmi
SAU
6
1 467 30 0 0 0
1 599 0 35 0 0
1 655 0 0 20 0
1 693 0 0 0 15
2 2371 21 30 49
3 5546 17
Rina Hatachi
JPN
14
1 1029 30 0 0 0
1 1070 30 0 0 0
1 1102 30 0 0 0
1 1188 0 35 0 0
1 1232 0 0 20 0
1 1255 0 0 0 15
3 1689 23
3 1713 23
3 1734 23
4 5251 76
2 5755 21 30 49
3 6189 23
3 6727 74
4 8018 0
Rosa Burau
DNK
11
1 376 30 0 0 0
1 440 0 35 0 0
1 489 0 35 0 0
1 601 0 0 20 0
1 621 0 0 0 15
2 1267 21 0 0
3 5893 0
3 5958 0
3 6045 0
3 6152 0
3 6517 17
Rosangel Bullon
PER
4
1 1744 0 35 0 0
2 2479 0 0 0
3 5286 17
2 8088 0 0 0
Ruijia Peng
SGP
11
1 1520 30 0 0 0
1 1541 0 35 0 0
1 1566 0 0 20 0
1 1589 0 0 0 15
2 2481 21 30 49
4 5041 10
2 5336 21 30 49
2 6023 21 30 49
3 6145 17
3 6692 0
3 6744 17
Sara Stefanovska
MKD
13
1 512 30 0 0 0
1 599 0 35 0 0
2 1161 21 30 49
3 3282 0
3 3449 0
3 3943 0
3 4003 0
3 4413 0
4 7888 10
1 7989 0 0 0 0
1 8002 0 0 0 15
1 8061 0 0 0 0
1 8091 0 0 20 0
Selma Hübner
DEU
10
1 445 30 0 0 0
1 644 0 35 0 0
1 875 0 0 0 0
1 1063 0 0 0 15
2 1988 21 30 49
1 2569 0 0 20 0
1 2592 0 0 20 0
3 6582 0
3 7233 79
3 7359 79
Selma Mujačić
BIH
21
1 723 30 0 0 0
1 776 0 0 0 0
1 802 0 0 0 0
1 897 0 35 0 0
1 930 0 0 20 0
1 966 0 0 0 15
3 2047 0
3 2480 0
3 2666 0
3 2774 0
3 3473 0
3 3502 0
2 4771 21 0 0
2 4832 21 0 0
2 5049 0 0 0
2 5959 21 0 0
2 6266 21 0 0
2 6622 21 0 0
2 6909 21 0 0
2 7082 21 0 0
2 7147 21 0 0
Serena Federici
ITA
6
1 102 30 0 0 0
1 122 0 35 0 0
1 218 0 0 20 0
1 239 0 0 0 0
1 296 0 0 0 15
2 1069 21 30 49
Sima Miliūnaitė
LTU
8
1 264 30 0 0 0
1 303 0 35 0 0
1 321 0 35 0 0
1 479 0 0 0 0
1 558 0 0 0 0
2 2338 21 30 49
1 3887 0 0 20 0
1 3917 0 0 0 15
Simona Hristova
BGR
14
1 788 0 0 0 0
1 838 0 35 0 0
1 871 30 0 0 0
1 889 0 0 0 0
1 900 0 0 0 15
1 939 0 0 20 0
2 1565 21 30 49
3 2827 0
3 2872 17
3 3025 0
3 3111 0
3 3172 24
4 5922 0
4 6629 89
Sneha Babu Palatingal
ARE
4
2 2242 21 0 0
1 2721 0 0 0 0
1 2750 30 0 0 0
1 2774 0 35 0 0
Sofia Cintra
BRA
25
1 912 30 0 0 0
1 978 0 35 0 0
1 1000 0 0 0 0
1 1025 0 0 0 15
1 1344 0 0 0 0
1 1421 0 0 20 0
2 1753 21 30 49
3 2624 0
3 2750 0
3 2821 0
3 2871 0
3 3091 17
3 4015 17
2 4414 21 30 49
3 5815 0
2 5830 0 0 0
2 5870 0 0 0
2 6150 21 30 49
2 6266 21 30 49
2 6301 21 30 49
2 6368 21 30 49
2 6418 0 0 0
2 6469 21 30 49
2 6503 0 0 0
2 6539 0 0 0
Sofia Maragò
ITA
8
1 42 30 0 0 0
1 79 0 0 20 0
1 102 0 35 0 0
1 115 0 0 0 15
2 401 21 30 49
3 3793 0
3 4210 41
3 4312 44
Sofie Fu
SWE
8
1 493 30 0 0 0
2 1444 21 30 49
3 3819 0
4 5493 10
4 6215 0
4 6265 0
3 6499 22
3 6520 22
Sofija Čebašek
SRB
11
1 226 0 35 0 0
2 981 21 30 49
1 1277 30 0 0 0
1 1288 0 0 20 0
1 1299 0 0 0 15
3 1952 0
3 4418 17
3 5160 73
2 5760 21 30 49
4 7457 0
4 7577 10
Sofija Velkovska
HRV
8
1 865 30 0 0 0
1 921 0 35 0 0
1 954 0 0 20 0
1 963 0 0 0 15
3 1974 0
2 2797 21 0 0
2 3544 0 30 0
2 5730 21 30 49
Solikha Dagarova
UZB
10
1 1117 30 0 0 0
1 1206 0 35 0 0
1 1247 0 0 0 0
1 1366 0 0 20 0
1 1423 0 0 0 15
2 3182 0 0 0
2 4408 0 0 0
2 5120 0 30 0
2 5479 21 0 0
3 6835 17
Sondos Elshobaky
EGY
8
1 1426 30 0 0 0
1 1450 0 35 0 0
1 1467 0 0 20 0
1 1484 0 0 0 15
2 2152 21 0 0
2 2987 21 30 49
3 3757 0
3 3793 0
Svatava Šimečková
CZE
12
1 736 30 0 0 0
1 766 0 35 0 0
1 784 0 0 0 0
1 802 0 0 0 15
1 853 0 0 20 0
2 1444 21 0 0
2 1840 21 30 49
4 2867 10
4 3351 0
4 3402 0
4 7350 0
4 7623 0
Sylwia Sapkowska
POL
26
1 616 30 0 0 0
1 627 0 0 20 0
1 641 0 35 0 0
1 650 0 0 0 15
2 960 21 30 49
3 1766 31
3 1896 29
3 2116 30
3 2257 31
4 5027 0
4 5444 0
4 5548 60
3 6168 52
3 6197 59
3 6238 53
3 6408 54
3 6425 54
3 6497 48
3 6605 57
3 6634 52
3 6736 49
3 6773 48
3 6843 61
3 6870 55
3 6884 58
3 7430 46
Uliana Malanyak
AUT
9
1 785 0 0 0 0
1 817 30 0 0 0
1 851 0 35 0 0
1 879 0 0 0 0
1 918 30 0 0 0
1 941 0 0 0 0
1 995 0 0 20 0
1 1017 0 0 0 15
2 1563 21 30 49
Urankhishig Bat-Erdene
MNG
13
1 889 0 0 0 0
1 926 30 0 0 0
1 1060 0 35 0 0
2 1795 0 0 0
2 1856 0 0 0
2 1887 0 0 0
2 1999 0 0 0
2 3087 21 0 0
2 3155 21 0 0
1 3311 0 0 0 0
1 3455 0 0 0 0
1 3524 0 0 20 0
1 3582 0 0 0 15
Varvara Glinova
KGZ
10
2 2431 21 0 0
4 4917 0
4 5054 0
1 6314 30 0 0 0
1 6350 0 35 0 0
1 6396 0 35 0 0
1 6423 0 0 0 0
1 6450 0 0 0 0
1 6517 0 0 0 0
1 6536 0 0 0 15
Vedika Yogesh
ARE
16
1 603 30 0 0 0
1 677 0 35 0 0
1 742 0 0 0 0
1 822 0 0 0 0
1 884 0 0 0 15
1 1088 0 0 0 0
2 1601 0 0 0
2 1618 0 0 0
2 1646 0 0 0
2 1984 0 0 0
2 2045 21 0 0
1 2945 0 0 0 0
2 6318 0 0 0
2 6338 0 0 0
2 6360 0 0 0
2 7574 0 0 0
Vera Morancho Bargas
ESP
10
1 745 30 0 0 0
1 789 0 35 0 0
1 804 0 0 20 0
1 836 0 0 0 15
2 1586 21 30 49
3 1945 17
3 1966 17
3 2283 73
4 3247 10
4 4281 30
Viktoriia Lavrova
UKR
8
1 769 30 0 0 0
1 806 0 35 0 0
1 839 0 0 20 0
1 862 0 0 0 15
2 1308 0 0 0
2 1573 21 30 49
4 3471 0
4 3544 0
Violeta Jürgens
EST
1
2 3505 21 30 49
Vivienne Burckhardt
CHE
18
1 205 30 0 0 0
1 248 0 35 0 0
1 397 0 0 20 0
1 432 0 0 0 15
2 706 21 30 49
3 2829 0
3 3521 0
3 3757 0
3 4232 0
3 4333 30
3 4440 37
3 4890 37
4 5560 0
4 5655 0
4 5841 0
4 6036 0
4 6878 0
4 7159 10
Wendy Huang
NLD2
0
Yara Rezk
EGY
14
1 421 30 0 0 0
1 456 0 35 0 0
1 554 0 0 0 0
1 571 0 0 20 0
1 589 0 0 0 15
2 1656 21 30 49
3 2347 0
3 2408 0
3 2502 0
3 2607 0
3 2780 0
3 3248 17
3 4151 0
3 4252 0
Yareli Guadalupe Padrón Rivera
MEX
14
1 945 30 0 0 0
1 1045 0 0 0 0
1 1105 0 0 0 0
1 1341 0 35 0 0
1 1397 0 0 0 0
1 1458 0 0 20 0
1 1507 0 0 0 15
2 3302 0 0 0
2 3597 21 30 49
2 3660 0 0 0
2 3698 0 0 0
2 3762 0 0 0
3 5800 17
3 7657 0
You-Han Huang
NLD
22
1 169 30 0 0 0
1 216 0 35 0 0
1 251 0 35 0 0
1 288 0 0 0 0
1 393 0 0 20 0
1 434 0 0 0 15
2 625 21 0 0
2 1485 21 0 0
2 1636 21 30 49
3 2180 0
3 2559 17
4 3637 0
1 4606 30 0 0 0
4 4779 0
4 5092 0
4 5408 0
4 5516 0
4 6000 0
4 6260 10
4 7051 0
4 7151 0
4 7738 30
Yunna Kheifets
UKR
16
1 445 30 0 0 0
1 501 0 35 0 0
1 572 0 0 0 0
1 595 0 0 20 0
1 682 0 0 0 15
2 2093 21 30 49
4 4419 10
1 4518 0 0 0 0
1 4547 0 0 0 0
1 4593 0 0 0 15
1 5942 30 0 0 0
1 5976 30 0 0 0
1 6001 30 0 0 0
1 6036 30 0 0 0
1 6209 30 0 0 0
3 6815 15
Zarnigor Rakhimova
UZB
5
1 1723 30 0 0 0
1 1761 0 0 20 0
1 1812 0 35 0 0
1 1845 0 0 0 15
2 4676 21 30 49
Zena Ayoub
EGY
6
1 491 30 0 0 0
1 589 0 0 20 0
1 619 0 35 0 0
2 1017 21 30 49
3 4980 0
3 5077 0
Zhannur Baurzhankyzy
KAZ
12
1 1008 30 0 0 0
1 1111 0 35 0 0
1 1150 0 0 0 0
1 1218 0 0 20 0
1 1242 0 0 0 15
2 3567 21 0 0
2 4191 21 0 0
2 4439 0 0 0
2 4556 0 0 0
2 4590 0 0 0
2 5682 21 30 49
3 6879 17
Zosia Krok
POL
21
1 1765 30 0 0 0
1 1811 0 0 0 0
1 1820 0 35 0 0
1 1860 0 0 20 0
1 1873 0 0 0 15
2 2212 21 30 49
3 3719 1
3 3802 1
3 3850 23
3 3881 41
3 3913 56
3 3944 69
3 4084 73
3 5215 0
3 5275 72
3 5334 0
3 5376 84
3 5409 80
3 5445 80
4 7475 0
4 7802 10
Zsófia Keresztély
HUN
10
1 1151 30 0 0 0
2 2223 21 30 49
1 3228 0 35 0 0
1 3320 0 0 20 0
1 3374 0 0 0 15
3 4502 0
3 5347 0
3 5623 17
3 6080 37
3 7917 89
