18657 18000
4
1
2
3
4
189
Syuzanna Grigoryan
ARM
21
1 1304 14
1 3251 42
1 3474 42
1 3700 42
1 3833 56
1 5586 84
1 5983 100
2 7342 16
2 7886 28
2 9385 12
2 9426 28
2 9984 28
2 9963 28
2 10092 43
3 11400 20
4 14973 0
4 15092 0
4 15189 0
4 15449 0
4 15574 15
3 17114 20
Filya Geikyan
ARM
23
1 1337 100
2 2741 16
2 2791 16
2 3182 28
2 3754 16
2 3864 16
2 3992 43
2 4125 43
3 6944 0
2 9150 0
2 9191 16
2 9374 43
2 9309 0
2 9791 36
2 9866 43
2 10020 43
2 9947 43
2 10100 63
3 10531 0
3 10791 0
3 11189 20
4 15840 0
4 17240 15
Meri Badalyan
ARM
11
1 4498 100
2 6976 16
2 7556 28
3 9151 20
3 9400 20
2 12520 12
2 12559 43
4 13861 0
4 14561 0
4 15154 0
3 17887 0
Arpi Prazyan
ARM
14
1 3628 0
1 5371 0
1 5569 19
1 5784 33
1 5874 33
1 6106 33
1 6212 61
1 6343 61
1 6450 84
2 8400 0
2 8635 0
2 8715 0
2 9418 12
2 12519 28
Uliana Malanyak
AUT
19
1 1606 100
1 1251 33
2 5035 100
3 5972 0
3 6264 0
3 6563 0
3 7288 0
3 7547 0
4 8911 15
3 10043 20
4 10910 0
4 11441 0
4 12293 0
4 12687 18
4 12999 33
3 16411 0
3 16582 0
3 16892 0
3 17384 27
Fidan Garayeva
AZE
26
1 1092 100
3 3104 0
3 3201 0
3 3408 0
3 3504 0
3 4065 20
3 5678 0
2 6346 16
2 7057 16
2 7107 28
2 8177 43
3 9497 0
3 9610 0
3 9636 0
3 9991 0
4 10905 0
4 11354 0
4 11583 15
3 12630 0
3 13439 0
3 16943 0
4 16929 0
3 17161 0
3 17193 0
3 17539 0
3 17644 0
Fidan Huseynova
AZE
18
1 1050 100
1 988 19
2 6931 22
2 7921 48
2 8133 48
2 8491 70
4 9622 0
4 10533 0
4 10716 0
4 11271 0
4 11501 15
4 11488 0
4 11916 0
4 11950 10
3 13147 20
3 16769 0
3 17058 27
3 17364 50
Ayan Karimova
AZE
24
1 1992 42
1 1639 14
1 5102 14
1 5315 14
1 5469 0
1 5563 14
1 6005 61
2 7071 0
2 8468 12
2 10090 12
2 10708 0
3 11839 3
1 13138 61
1 13545 61
1 13824 61
1 14054 61
1 14353 61
1 14242 61
2 15008 0
2 15373 16
2 15513 16
2 15644 28
2 16199 12
2 16148 0
Rahidil Bayramli
AZE
15
1 765 42
1 2721 61
3 3706 3
3 4364 0
1 5067 61
1 7329 19
1 7431 61
1 7708 0
1 7773 61
2 8804 0
2 9272 12
1 10912 84
3 12485 3
3 17749 0
3 17862 0
Valeria Cartagena Vaca
BOL
15
1 2470 42
1 1892 14
1 1732 0
1 1614 0
1 1481 0
2 4549 0
2 4682 0
2 4756 0
1 5611 19
2 6376 0
1 10121 19
1 11428 61
2 14118 0
2 14576 12
4 16014 0
Lauren Jhanis Chavarría Colque
BOL
6
1 2828 42
2 10685 0
2 11092 0
2 11523 0
3 17158 0
2 17980 0
Mayra Fernández Palma
BOL
0
Alejandra Susana Saavedra Zamora
BOL
6
1 3069 14
1 4050 28
1 4853 0
1 6412 0
1 11959 0
2 16855 0
Emina Hasanbegović
BIH
12
1 3076 0
1 4707 42
2 11041 0
2 12433 16
2 13387 16
1 16731 0
1 16942 0
1 17432 28
1 17278 28
1 17494 61
2 17686 16
2 17946 16
Ana Puhalo
BIH
8
1 2488 42
1 3886 0
1 4666 61
2 9273 0
2 9823 0
2 11718 0
2 15491 0
2 15790 0
Farah Demirović
BIH
23
1 2923 33
1 3228 42
1 3277 100
2 5357 16
3 7507 0
3 7658 0
3 7840 0
3 7915 0
3 8183 0
3 8488 0
3 8711 20
2 12304 16
2 12581 28
2 13110 16
2 13154 43
2 14151 16
2 14515 16
2 15028 16
2 15230 16
2 15392 16
2 16147 16
2 16416 16
2 16795 16
Ines Jozić
BIH
16
1 1903 0
1 2868 0
1 5612 42
1 5746 42
1 5966 0
1 6004 42
1 6635 61
1 7022 33
1 13257 33
1 13636 33
1 14428 33
3 15922 0
3 15993 0
3 16140 0
3 16777 0
3 17631 0
Luana Amorim Lima
BRA
16
1 1846 19
1 2622 19
1 6666 14
1 6786 23
1 6910 84
1 6986 100
2 10820 0
2 10841 0
2 16328 0
3 16851 0
3 16967 0
3 17030 0
3 17096 0
3 17194 0
3 17233 0
3 17676 20
Anita Ramos Almeida
BRA
11
1 3147 0
1 3336 0
1 4521 0
1 5031 28
1 5545 47
1 5625 70
1 5737 0
1 5768 70
1 6278 84
3 14709 16
2 17966 0
Endy Lumy Okamura Miyashita
BRA
11
1 3228 47
2 7463 0
2 7862 12
3 10859 20
4 12190 0
4 12306 0
4 12499 0
1 13326 70
1 13801 100
4 13968 0
4 14963 0
Estela Baron Nakamura
BRA
33
1 2403 100
2 4709 12
2 5738 28
2 7683 43
2 10011 63
3 13698 0
3 14032 0
3 14647 0
3 15059 20
3 15094 20
3 15111 20
3 15104 21
3 15134 21
3 15128 20
3 15119 20
3 15154 20
3 15143 20
4 16781 15
3 16963 20
3 16995 20
3 17025 20
3 17064 20
3 17047 20
3 17462 20
3 17454 20
3 17445 20
3 17437 20
3 17430 20
3 17422 20
3 17415 20
3 17407 20
3 17399 20
3 17536 20
Yasmin Behich Erdim
BGR
41
1 1733 100
1 1587 42
1 1482 42
1 1433 0
1 1365 0
1 730 0
3 4321 0
3 4655 0
3 5050 0
3 5292 0
3 5515 3
3 5972 0
3 6046 0
3 6186 0
3 6648 0
2 8502 16
2 8653 16
2 9167 16
2 9532 28
2 9569 12
2 10422 12
2 12432 12
2 12540 12
2 12624 12
2 12715 12
2 12784 12
2 13014 12
2 13126 12
2 13983 12
2 14477 0
2 14588 0
2 14700 0
2 14906 0
2 15055 0
2 15100 0
2 15479 22
2 15710 28
2 15809 34
2 15907 50
2 16011 50
4 17935 0
Nora Ognyanova Paskaleva
BGR
22
1 1780 100
1 1001 19
3 3281 0
3 3615 0
3 3663 0
3 3869 0
3 4440 20
2 7993 0
2 9284 0
2 10327 12
2 11196 12
2 11551 12
2 11716 28
2 12968 28
2 13913 28
4 15270 0
4 15591 0
4 15746 0
4 15779 0
4 15859 0
4 16042 0
4 16286 15
Emiliana Ivanova Dimitrova
BGR
19
1 1224 100
3 4149 20
3 4252 20
3 4288 22
3 4328 21
2 9697 48
2 11890 12
2 12172 48
2 13217 100
4 14499 15
4 15663 0
4 15863 0
3 17503 0
3 17714 20
3 17735 21
3 17753 21
3 17793 20
3 17826 21
3 17962 20
Nermin Hyusmen Idiriz
BGR
36
1 2129 61
1 1957 19
1 1605 61
1 1114 42
1 2703 0
1 2772 0
2 4688 0
2 5013 16
1 5496 61
2 6265 16
2 6436 28
1 7595 0
1 8870 0
2 9741 0
2 10360 0
1 11025 0
1 11508 0
2 11840 43
2 11747 27
4 13467 0
1 14130 0
1 14318 0
1 14254 0
1 14214 0
1 14366 0
1 14432 0
1 14574 42
1 14654 42
3 15868 0
3 16557 0
3 16643 0
3 16951 0
3 17074 0
3 17837 0
3 17971 0
4 17943 0
Iva Tadić
HRV
10
1 4205 100
2 6831 0
2 7333 27
2 8900 43
3 10987 0
3 11244 0
3 12056 20
4 14903 10
4 15572 10
2 17804 43
Lara Semeš
HRV
14
1 2287 84
1 2228 61
1 1988 61
1 1762 47
2 8036 36
2 9260 48
2 9442 63
3 16895 0
3 17216 0
3 17524 0
3 17589 0
3 17682 50
3 17986 50
3 17938 0
Maša Dobrić
HRV
22
1 1769 100
1 1702 0
2 5158 16
2 5338 43
3 7459 0
3 7812 0
3 8461 0
3 8800 0
3 9411 0
3 9337 0
3 10596 0
3 12944 20
3 13108 0
4 13798 0
4 14231 0
4 14487 0
4 14563 0
3 17371 0
3 17313 20
3 17248 20
4 17639 0
4 17873 0
Lana Škarica
HRV
10
1 2600 70
1 2810 100
2 7287 16
3 10867 0
3 11093 20
4 13739 0
4 13860 0
4 14187 15
2 15731 28
2 17188 43
Zuzana Aubrechtová
CZE
12
2 7949 36
3 10200 0
3 10480 0
2 11587 0
3 11619 20
3 12913 20
1 15317 0
1 15367 19
1 15892 33
1 16002 61
1 17369 19
1 17301 61
Lucie Roskovská
CZE
23
1 2547 42
1 2421 42
1 2345 42
1 2038 42
1 2912 19
3 7712 20
1 8175 19
1 8582 42
1 8770 56
1 8960 56
1 9002 33
1 9054 84
1 9547 100
2 10879 16
2 11555 16
2 12242 16
2 12908 28
4 14652 0
2 15696 28
2 17382 28
2 17752 43
3 17967 0
3 17903 0
Anh Linh Tran
CZE
15
1 2090 14
1 2003 0
1 1959 0
1 1575 0
1 3037 14
1 4609 14
2 9803 0
2 12606 16
2 13481 16
4 15954 0
4 16174 0
1 17003 0
1 17153 0
1 17459 14
1 17282 14
Svatava Šimečková
CZE
20
1 2045 42
1 1962 28
1 2603 61
3 4576 0
3 4725 0
3 5024 0
3 5549 20
3 7114 82
3 7856 0
3 8626 100
4 10278 0
4 10687 0
2 13403 16
1 15881 84
1 16218 100
2 17190 16
2 17272 0
2 17540 0
2 17696 16
2 17956 16
Julie Lagoni
DNK
18
1 1741 33
3 3621 0
1 4830 100
3 5460 0
4 6091 0
4 6467 0
4 9915 0
3 10082 0
3 10241 0
3 10644 0
2 11318 12
3 12648 0
3 13291 0
2 14830 12
2 15080 0
2 15262 12
2 15409 0
3 17201 0
Rakel Sophia Hermann
DNK
13
1 5545 0
1 5881 0
1 6937 42
3 10825 0
3 11064 0
3 11398 20
1 14219 0
1 14547 0
1 14700 0
1 15480 0
1 16063 0
1 16499 61
1 16748 19
Sara Bettio
DNK
8
1 962 42
1 4743 28
1 6727 28
1 8436 28
2 11564 0
2 12306 0
3 14316 0
3 17126 0
Leonora Thøgersen
DNK
7
1 2400 42
1 1809 0
2 5030 0
1 6203 42
1 6674 42
1 8699 61
3 16836 0
Gabriela Padilla Salgado
ECU
24
1 2403 42
1 2294 0
1 1827 0
2 4975 0
3 5991 0
2 8509 0
2 8633 0
2 9533 0
1 10366 28
1 10624 42
1 10965 42
1 11044 0
1 11144 42
2 14237 0
1 14396 42
3 15272 0
1 15739 19
1 15916 19
2 16457 0
2 16790 0
2 16687 0
2 16645 0
2 17161 0
1 17614 19
Melany Zavala Toapanta
ECU
1
1 17780 0
Shekina Chango Franco
ECU
2
1 10203 0
2 14680 0
Dayana Chiluisa Flores
ECU
4
1 6297 0
1 6894 0
2 8398 0
3 10545 0
Shahd Mohamed Abdalla
EGY
14
1 1026 100
2 3710 16
2 4090 0
3 5189 0
3 5494 20
2 9493 12
2 9588 28
4 11480 0
4 12031 0
4 12553 0
4 12572 0
3 14981 0
3 15105 20
2 16866 0
Zena Hossam Abd El-Aty
EGY
26
1 3220 28
1 3354 47
1 3685 70
1 3774 84
2 8050 0
3 12498 0
3 12640 0
3 12933 0
3 12985 0
2 13639 0
3 14425 3
3 14684 0
3 14729 20
2 14994 0
2 15084 0
2 15201 0
2 15313 36
4 16779 0
4 16933 0
4 17020 0
4 17059 0
4 17137 0
2 17358 16
2 17481 36
2 17608 36
2 17670 36
Sondos Waleed Elshopaky
EGY
20
1 2558 100
1 2100 42
2 7869 16
2 8674 0
2 8725 16
2 8855 16
2 9209 28
2 9663 43
3 13145 0
3 13356 0
3 13571 0
3 14701 0
4 15981 10
3 16659 0
3 17254 3
3 17527 0
3 17647 0
4 17773 0
4 17956 15
4 17918 0
Yara Osama Hassan
EGY
18
1 3062 100
2 5074 0
2 5293 0
2 5396 0
2 8549 0
2 9640 0
2 9759 12
2 9704 12
3 10836 0
3 11150 0
3 12166 20
2 13661 12
2 14286 16
2 14496 16
2 14535 28
4 15716 0
2 17167 28
2 17787 28
Agnes Tennisberg
EST
8
1 6934 19
1 7629 19
1 7906 19
1 8013 19
1 8343 33
2 13591 16
2 14622 16
2 15866 28
Annika Märtin
EST
8
1 1382 42
1 3271 0
2 7563 0
2 8101 0
2 8708 0
2 13240 12
1 13560 19
1 14695 61
Aino Aulanko
FIN
25
1 1885 33
1 1550 0
1 1506 0
1 1402 0
4 5040 0
4 5123 0
4 5225 0
4 5333 0
4 5424 15
2 9161 0
2 9268 0
2 9308 0
2 10369 0
2 10457 0
2 12491 0
2 12572 0
2 15110 0
2 15431 0
2 15603 0
2 15837 0
2 16192 0
2 16087 0
2 16283 0
2 16386 0
2 16455 27
Emma Suomalainen
FIN
18
1 2000 100
1 1848 33
1 1546 61
2 10813 16
2 12296 0
2 12411 28
3 13501 0
3 13882 0
3 14032 0
3 14170 20
3 14639 20
3 16186 0
3 16139 20
3 16012 0
3 16793 0
3 17523 0
3 17634 20
2 17774 0
Minea Tiitinen
FIN
10
1 2626 28
1 2957 42
2 9334 16
1 12812 42
3 14068 20
2 14895 16
2 16780 16
2 17510 16
2 17597 16
2 17706 16
Alizée Marquardt
FRA
14
1 2444 51
1 3252 51
1 3550 65
2 7879 0
2 7972 16
2 9134 28
3 12774 20
3 13885 0
4 13920 0
4 14379 15
1 15605 14
1 15853 33
1 15894 84
1 16300 84
Clémence Chitry
FRA
20
1 1361 42
1 2679 84
1 3108 84
2 6980 0
2 7180 0
2 8027 0
2 8267 0
2 8364 0
2 9785 0
2 9945 0
2 11038 0
2 11601 0
2 11853 0
2 11966 0
2 12110 0
2 13281 0
2 13467 12
2 16653 27
1 17013 0
1 17030 84
Clémence Pham
FRA
24
1 3938 100
2 5458 16
2 6215 16
2 8626 16
2 9328 16
4 10652 0
4 10719 0
3 11314 0
3 11634 0
3 11795 0
3 11898 0
3 12184 0
3 12952 20
3 13161 0
3 13213 0
2 14645 16
2 14702 16
2 14892 28
4 16002 0
4 16206 0
4 16113 0
2 17756 28
2 17835 28
2 17982 28
Inès Fischler
FRA
14
1 2492 42
1 2982 61
1 3384 84
3 7597 0
3 7669 0
3 7725 0
3 7880 20
2 9626 12
2 11036 28
4 13398 0
4 13702 0
4 13836 15
4 17392 15
4 17521 15
Ketevan Tsimakuridze
GEO
19
2 2444 100
1 779 100
1 484 19
4 10009 0
4 10169 34
3 15520 0
3 15605 0
3 15955 0
3 16193 0
3 16075 0
3 16249 0
3 16267 20
3 17126 0
3 17193 0
3 17355 0
3 17286 0
3 17768 20
3 17990 0
3 17901 0
Teo Kakabadze
GEO
12
1 1037 19
1 4886 19
1 5108 0
1 5148 19
1 5437 19
1 5596 100
2 5862 22
2 8031 100
3 12100 0
3 12290 20
4 16071 15
4 17918 15
Nino Chkhaidze
GEO
34
1 5144 61
1 5373 61
1 5620 33
1 5669 61
1 5845 61
1 5983 61
2 7644 16
2 8262 16
2 8300 28
2 8914 43
1 9188 84
4 10604 0
2 11456 43
2 11887 65
2 11779 43
3 12557 0
3 12686 0
3 12887 20
4 15059 0
4 15088 0
4 15189 0
4 15543 0
4 15489 0
4 15436 0
4 15599 0
4 15706 0
4 15751 0
4 15888 0
4 15910 10
4 16162 15
4 16130 0
4 16547 15
4 17357 15
4 17855 15
Gvantsa Khvedelidze
GEO
45
1 1878 100
1 1598 0
1 1263 33
1 1248 0
1 1183 19
1 625 42
2 5816 0
3 6800 0
3 7108 0
3 7153 0
3 7181 0
3 7226 0
3 7247 0
3 7312 14
3 7676 0
3 7718 0
3 8042 0
3 8189 0
3 8267 0
3 8826 0
3 8858 0
3 9048 0
3 9290 0
3 11175 0
2 11645 12
3 12213 0
3 12366 20
2 13526 0
2 14093 16
2 14161 0
2 14346 16
2 14193 16
2 14403 0
2 14494 0
2 14525 12
2 14715 0
2 14763 28
3 16360 0
3 16432 0
3 16942 0
3 16971 0
3 17035 0
3 17064 0
3 17206 0
3 17453 0
Anna Polensky
DEU
23
1 2381 84
1 2298 84
1 1984 70
1 4332 0
1 4423 70
3 6756 0
3 7144 0
3 7724 0
3 8028 0
3 8160 0
3 8104 0
2 9515 16
2 10189 28
3 10889 0
3 10945 0
3 11037 0
3 11620 20
2 13024 43
1 13672 100
4 15298 0
4 15700 0
4 15789 15
4 17943 15
Michelle Engel
DEU
33
1 2232 19
1 3586 70
1 4022 42
1 4215 84
2 5380 0
2 5607 16
2 6002 0
2 6055 16
2 6254 28
3 7555 0
3 7988 0
3 8397 0
3 8522 0
3 8813 0
3 9041 0
3 9164 0
3 9749 0
3 13700 0
3 13741 0
3 13728 0
3 13804 0
2 16195 28
2 16267 28
3 16424 0
3 16669 0
3 16630 0
3 17380 20
3 17329 0
3 17278 0
1 17622 0
1 17784 19
1 17996 0
1 17976 0
Daphne Carmesin
DEU
32
1 1842 42
1 1785 28
1 1374 28
1 701 28
3 3523 0
3 3708 20
1 4232 42
1 4371 19
1 4577 61
1 4681 61
2 8019 0
2 8081 0
2 8476 0
2 9003 0
2 9352 0
2 9700 0
1 10223 42
1 10460 61
1 10681 61
1 11048 0
2 12506 0
2 14582 0
2 14940 0
2 14966 0
2 14985 0
2 15335 12
3 16727 0
3 17046 0
3 17314 0
3 17524 0
3 17781 0
3 17912 0
Zhuoyu Du
DEU
16
1 2482 42
1 2206 42
1 2924 61
1 5573 61
1 5678 61
1 6073 61
3 8482 0
3 9355 0
3 9679 20
1 10997 0
1 11226 0
1 14341 0
1 14407 61
1 14528 61
1 14571 61
2 17605 0
Sarra Angeliki
GRC
22
1 3506 0
1 3542 0
1 3570 0
1 4714 0
1 5706 0
1 5894 0
1 6135 28
1 6714 0
1 6809 0
1 6984 0
2 7520 0
1 7563 28
1 9295 0
1 9403 0
1 9482 0
1 10192 0
1 10268 0
1 10406 28
1 14067 0
2 15103 0
2 15398 0
2 15913 0
Karali Eleni
GRC
34
1 2811 0
1 2835 0
1 3000 0
1 3129 0
1 5583 0
1 5671 28
1 5649 0
3 9042 0
3 9583 0
3 9837 0
3 10040 0
3 10417 0
3 10453 0
3 10594 0
3 10702 0
3 10863 0
3 11452 0
1 12707 28
3 12904 20
1 13167 0
1 13216 0
1 13243 0
1 13310 0
1 13417 0
1 13479 28
1 13655 0
1 13719 28
1 13873 28
1 14301 0
1 14194 0
1 15309 28
1 15918 28
1 16738 28
3 17727 0
Tsiopoulou Maria Eleni
GRC
24
1 2206 42
1 3003 0
1 3410 19
1 3662 42
1 4376 0
1 4409 28
2 10006 0
2 9989 0
2 10054 0
2 11507 16
2 11609 16
1 12733 61
1 13399 33
1 13567 33
1 14330 61
1 14752 61
1 15340 61
2 15775 0
1 16149 61
1 16372 0
1 16910 0
1 16946 61
1 16999 61
1 17123 61
Csilla Fülöp
HUN
15
1 1101 61
1 974 28
1 4571 42
1 5211 42
1 5550 70
1 5881 42
1 6019 84
4 8985 0
2 10375 0
3 11363 20
3 13155 0
3 13494 82
2 15489 16
2 15948 16
4 16316 15
Boglárka Nagy
HUN
9
1 2527 70
1 2267 51
1 2740 84
2 3993 0
2 4276 12
3 16844 0
3 17278 0
3 17481 3
3 17793 3
Korina Nagy
HUN
16
1 1606 61
1 1481 61
1 1396 28
3 7712 0
3 8281 0
4 9890 0
4 10011 0
4 10286 15
1 11363 19
2 14340 16
2 14178 16
2 14626 0
2 15097 28
3 17448 20
3 17380 0
3 17240 14
Zsófia Keresztély
HUN
17
1 1816 19
1 1541 19
1 1461 19
1 1366 0
1 2610 19
1 3392 19
1 4935 100
2 11870 22
2 15380 48
2 15740 70
3 16814 0
3 16680 0
3 17038 0
3 17216 0
3 17447 20
3 17980 0
3 17941 0
Eva Natalía Elvarsdóttir
ISL
4
1 2289 42
2 5711 0
1 6456 42
1 14534 0
Eva Sóllilja Einarsdóttir
ISL
37
1 1675 42
1 6132 28
1 6361 28
1 6479 42
1 6563 42
1 6639 42
1 6917 42
1 7252 42
1 7477 42
2 8134 16
3 9131 0
3 9397 0
3 9338 0
3 9313 0
3 9422 0
3 9534 0
3 9552 0
3 9764 0
3 9722 0
3 9690 0
3 10134 0
3 10158 0
1 10762 42
2 11410 16
2 11868 16
2 11942 28
3 12506 0
3 12401 0
3 12523 0
3 12564 0
3 12741 0
3 12764 0
3 12868 0
3 13059 0
3 13308 0
1 15603 14
1 15757 42
Sólbjört Tinna Cornette
ISL
5
1 10359 0
1 10843 0
2 14349 0
1 15553 0
1 16884 0
Frigg Einarsdóttir
ISL
7
1 2138 0
1 916 0
1 2652 0
1 4637 0
1 4891 0
1 5555 14
2 10240 0
Anusha Gupta
IND
36
1 2500 42
1 2378 42
1 2280 42
1 2106 0
1 2778 100
2 4782 16
2 5765 16
2 6079 28
2 7474 0
2 7603 36
2 7697 48
2 8965 0
2 9161 12
2 9196 27
2 9271 47
2 9414 63
2 9367 47
3 10239 0
3 10266 0
3 10575 0
3 10795 0
3 11080 0
3 11305 0
3 11411 0
3 11480 0
3 11520 0
3 14944 20
3 16323 0
3 16371 0
4 17085 0
4 17205 0
4 17359 0
4 17341 0
4 17282 0
4 17465 0
4 17643 0
Megha Hegde
IND
12
1 6226 100
2 8526 28
2 9427 28
2 9524 28
2 10082 28
3 12277 20
2 13050 43
2 14460 0
2 14719 22
2 14964 65
4 17988 0
4 17966 0
Neha Singirikonda
IND
11
1 1628 100
3 8777 0
3 9227 20
2 11845 16
2 13486 12
2 13940 28
4 15710 0
4 16519 0
4 16675 0
2 17729 28
2 17952 28
Neha Sane
IND
21
1 2472 14
1 2079 14
1 1853 14
1 2655 42
1 3210 84
2 5727 16
2 6173 16
2 6234 16
2 6375 16
2 6711 16
2 6912 16
3 7537 0
3 8271 0
3 8432 0
3 8493 3
3 10460 0
1 13429 100
2 15476 28
2 16209 43
3 16812 3
3 17922 0
Ayushi Mahajan
IRL
12
1 1168 100
2 4501 16
2 4716 16
3 5556 0
3 5748 20
3 10770 21
4 12231 15
3 13437 21
2 13771 16
2 15045 28
2 15128 28
2 15557 43
Mayan Salomon
ISR
4
1 5276 65
1 5413 100
2 5961 16
2 7578 16
Yael Ginzburg
ISR
14
1 2341 33
1 2871 100
2 7313 100
3 8919 0
3 9180 0
3 9227 0
3 9425 20
3 11429 0
4 16417 0
4 16471 0
4 16779 0
4 17096 15
4 17148 0
4 17629 0
Lia Geva Brodt
ISR
11
1 8459 33
1 9136 100
3 11418 0
3 11732 0
3 12484 0
3 12762 0
3 12836 0
3 12870 0
3 13322 0
3 13761 0
3 13836 0
Noa Ben Israel
ISR
20
1 2360 42
1 3085 0
1 3191 0
3 6790 0
3 7613 20
4 8845 0
4 8903 0
1 9648 100
4 9957 0
4 10481 15
2 13140 0
2 13271 0
2 13337 0
2 13526 16
4 14895 15
4 15133 0
4 15214 0
4 15355 15
4 17360 15
4 17334 0
Noemi Gambirasio
ITA
22
1 2432 100
1 2115 19
2 7096 16
4 9438 0
4 9581 0
4 9833 15
2 13180 48
3 14268 0
2 15709 0
3 15731 0
3 15856 0
3 15948 0
3 16064 0
2 16741 48
2 17049 48
3 17287 0
3 17494 0
3 17593 0
3 17688 0
3 17722 0
3 17935 0
3 17868 0
Serena Federici
ITA
17
1 1035 100
2 2799 16
3 4405 0
3 4467 20
3 8283 0
3 8651 0
3 8905 0
3 9013 0
3 9750 0
3 9958 0
3 10077 0
3 11838 58
3 12796 71
2 16419 0
2 16886 12
2 16960 0
2 16999 28
Lavinia Tornaghi
ITA
46
1 2308 100
1 1709 19
1 1233 28
3 3800 0
3 4039 3
3 4463 0
3 4561 0
3 4615 0
3 4878 3
3 4934 3
3 4983 0
3 5061 0
3 5032 0
3 5129 0
3 5179 0
3 5276 0
3 5304 0
3 5427 0
3 5451 3
3 5509 0
3 5550 0
3 5595 0
3 5635 3
3 5708 0
3 5770 0
3 5841 0
3 6294 20
3 7533 0
3 8497 0
3 8596 0
2 10465 16
3 10899 0
3 10966 0
3 12258 0
3 12451 20
3 12335 20
3 12536 0
3 12555 0
3 12613 0
3 12729 20
3 12769 20
3 12813 20
2 15821 16
2 15874 16
2 15970 16
3 17998 0
Sofia Maragò
ITA
19
1 2228 100
1 2138 65
1 2084 42
1 1624 0
1 1360 0
2 5746 16
3 7147 0
3 7542 0
3 8363 20
4 9507 0
4 9662 0
3 15155 71
4 15438 15
4 15414 0
2 16819 0
2 17767 0
2 17814 0
2 17972 0
2 17880 12
Iroha Maple Heffernan
JPN
20
1 629 100
1 151 33
3 2358 0
3 2618 20
2 4104 0
2 4408 28
2 4915 28
4 6591 15
2 10208 0
2 10327 27
2 10368 43
4 13393 10
4 13718 10
3 16501 0
3 16564 0
3 16965 0
3 17127 0
3 17493 0
3 17829 0
3 17997 0
Hanako Oda
JPN
13
2 2385 16
1 1553 100
2 2875 28
2 3887 43
3 6101 0
3 6254 20
3 7790 0
3 8100 27
4 9654 15
2 12304 22
2 12514 65
3 14546 27
3 17885 0
Zhanfan Shen
JPN
11
1 2576 100
1 2469 84
2 8090 27
2 8879 43
3 9373 0
3 9659 20
4 10931 15
2 12993 100
4 15098 15
4 16415 15
4 17421 33
Akari Fujii
JPN
16
1 2032 100
1 1739 42
2 3922 22
2 5907 100
3 9443 20
3 10271 0
3 10375 0
4 12599 0
4 12877 10
4 13042 15
4 15581 0
4 15741 0
4 16191 0
4 16123 0
4 16875 0
4 17956 0
Amina Sagaitova
KAZ
13
1 2095 33
1 1332 14
1 665 14
1 4757 56
3 7447 0
3 11140 0
3 11504 0
3 12549 0
2 12750 0
3 12778 0
3 13633 20
3 14411 0
2 17889 16
Dayana Iskhakova
KAZ
19
1 2148 14
1 1882 0
1 1711 0
1 2694 42
1 3255 37
2 4791 0
3 6768 0
3 6990 20
3 8003 20
1 9465 14
2 10746 0
2 10801 0
2 10845 0
2 11198 0
2 11159 0
2 11549 0
2 11602 0
2 12721 0
2 12890 0
Yasmin Aipanova
KAZ
42
1 2530 0
1 2415 61
1 2064 61
1 1951 19
1 1889 0
1 1602 42
1 2711 0
1 3009 61
1 3257 0
1 3408 0
1 3730 0
2 4715 0
2 5260 0
2 5634 0
2 6559 0
3 6976 0
3 7082 0
3 7391 0
3 9333 0
3 9548 0
3 9626 0
3 9766 0
3 10159 0
3 11110 0
1 12016 0
1 12323 0
2 12638 0
2 13052 0
3 13382 0
3 13597 0
3 14142 0
3 14647 20
3 14839 0
3 14769 0
2 15638 0
1 16285 0
1 16357 0
1 16554 0
4 17753 0
4 17825 0
1 17995 61
2 17932 0
Assemay Bakhytzhan
KAZ
16
1 2207 42
1 2805 14
1 3243 42
1 4384 42
4 9069 0
4 9567 0
4 10489 0
4 10657 0
4 10740 0
1 11358 100
2 15093 0
2 16173 0
2 16491 0
4 17210 0
4 17453 15
2 17976 0
Akmaral Surakhmatova
KGZ
9
1 2237 0
1 2085 28
1 4166 0
1 4698 0
1 6395 0
1 6970 0
1 10586 42
1 10960 0
1 10999 0
Zarina Zhobonova
KGZ
7
1 2363 0
1 2350 0
1 1786 0
1 4385 0
1 5824 42
1 7603 0
1 7696 42
Aiperi Shabdanalieva
KGZ
22
1 1522 42
1 5615 42
1 5705 42
1 6089 19
1 6223 0
1 7117 0
1 7624 0
1 11215 28
1 11620 28
1 11697 28
1 11788 28
1 11949 28
1 12083 28
1 12167 28
1 12333 28
1 12718 0
1 12764 28
1 13422 28
1 15858 28
1 15998 28
1 16069 28
1 16633 28
Aiperi Akzholtoeva
KGZ
19
1 898 42
1 3611 61
1 3952 61
1 4311 0
1 5281 0
3 6740 0
3 6783 0
3 6874 0
3 7048 0
3 7130 3
3 8052 0
1 9506 0
1 10018 42
1 10518 23
1 10661 84
2 13183 16
3 13689 0
3 13876 14
2 16519 28
Juta Adomaitytė
LTU
8
1 2553 84
1 2344 42
1 2016 0
1 1759 0
1 8192 84
3 14630 0
3 15603 0
3 17197 0
Aistė Savickaitė
LTU
20
1 2179 0
1 3093 0
1 3144 0
1 5261 14
1 5666 42
1 5897 42
2 7294 0
2 8133 0
2 8171 0
2 8563 0
2 8796 12
3 10234 0
1 11836 42
3 12608 3
3 13140 20
3 15702 0
3 16105 0
4 17286 0
4 17530 0
3 17693 27
Austėja Bolytė
LTU
8
1 9691 61
2 13587 0
2 14047 0
2 14149 16
3 16045 0
3 16622 0
3 17171 0
3 17643 20
Sima Miliūnaitė
LTU
8
1 4041 19
3 13653 0
3 13727 0
3 13941 0
3 14085 0
3 14550 0
3 14707 0
3 16779 20
Kateryna Oseledets
LUX
20
1 2270 42
1 4361 19
1 4656 19
1 4807 61
3 6781 0
3 7001 0
3 7421 0
3 7786 0
3 8571 0
3 10356 0
3 10460 0
3 12969 0
3 13233 0
3 13374 0
3 13942 0
3 14049 0
3 14239 0
3 14393 0
3 14907 0
3 14963 20
Sophia Bumšteinaité
LUX
26
1 2426 28
1 1651 28
1 949 28
1 4474 0
1 4897 0
1 4943 0
1 5693 0
1 7485 42
1 7693 19
3 13075 0
3 12975 0
3 13179 0
3 13231 0
3 13593 0
3 13991 0
3 14286 0
3 14171 0
3 14440 0
3 15369 0
3 15436 0
3 16175 0
1 16764 0
1 17119 0
3 17997 0
3 17949 0
3 17912 0
Laura Shaw Barragan
LUX
19
1 1807 42
1 1109 14
1 3555 61
2 4929 0
2 7652 0
2 7754 0
3 9869 20
3 10119 0
3 10404 0
3 10460 20
3 11842 0
2 12764 0
2 12901 0
2 14712 0
2 14753 0
2 14826 0
2 14936 0
2 16248 0
1 17633 19
Tereza Bílková
LUX
20
1 3421 0
1 4419 0
1 5031 0
1 5293 0
1 6354 0
1 6535 14
1 6780 0
1 7096 0
1 7291 19
1 7451 14
1 7575 33
1 7767 33
1 11654 42
1 12326 0
1 13029 33
1 14729 61
4 15490 0
2 16504 0
2 16748 0
2 17026 0
Sofija Velkovska
MKD
17
1 1369 100
1 1296 84
3 4289 0
3 4700 0
3 5426 0
3 6433 3
3 6720 20
3 13361 0
3 13873 0
3 14190 0
2 14996 16
2 15973 16
2 16124 28
4 16792 0
3 17617 58
3 17820 58
3 17996 0
Atina Ruvinova
MKD
20
1 2534 42
1 1375 42
1 2651 28
1 2782 61
1 2920 42
1 2972 84
2 6890 0
2 8489 0
2 8596 0
3 12286 0
3 12696 0
3 12938 0
3 13511 14
3 13597 14
2 14122 0
3 14143 0
3 14232 14
2 15385 12
2 16804 28
4 17730 0
Sara Stefanovska
MKD
21
1 2154 100
1 1972 42
1 1826 42
1 1676 0
3 7192 0
3 7323 0
3 7472 0
3 7606 0
3 7816 0
3 7859 0
3 7900 0
3 7949 0
3 8050 0
3 8506 0
3 8631 0
3 8854 0
3 10171 0
3 10226 0
3 10610 0
3 10754 0
2 16812 0
Jovana Trifunoska
MKD
13
1 2163 61
1 2014 61
1 1944 61
1 1356 61
3 3942 0
3 3999 20
2 8410 16
2 9874 16
2 9985 28
1 11288 61
1 12550 84
1 13573 100
3 17345 0
Natalia Malpica Blackaller
MEX
10
1 4929 28
2 7221 0
1 15542 0
3 15584 0
3 16617 0
3 16774 0
3 17404 0
3 17340 0
1 17938 0
1 17900 28
Cynthia Naely Lopez Estrada
MEX
15
1 1202 100
2 2773 36
2 3030 36
3 3899 20
2 5146 48
2 11479 48
2 12325 48
2 12465 48
2 13575 0
2 13823 0
2 14986 100
3 17138 63
3 17496 82
3 17763 0
3 17967 0
Romina Nájera Fuentes
MEX
15
1 1109 61
1 952 19
3 3446 20
2 4669 0
2 5891 12
1 7557 0
1 7791 0
2 9902 16
2 10053 28
1 11282 100
4 15011 0
2 15595 28
2 15849 0
2 17586 0
2 17987 27
Alondra Valdivia Sánchez
MEX
16
1 2249 19
1 2203 19
1 1744 0
1 1672 0
1 3883 0
1 4495 0
2 7746 0
2 7796 0
1 8751 28
1 8947 61
1 10136 61
1 11648 61
3 13446 0
3 13980 20
2 15599 0
2 16010 0
Nomu-Luun Olonbayar
MNG
20
1 2416 19
1 1399 42
1 2657 61
3 7719 0
3 7909 0
3 8065 0
3 8246 0
3 8450 0
3 8893 0
1 10573 19
1 10952 19
1 11075 19
3 12911 0
2 15504 0
3 15832 0
3 16167 0
3 16792 0
2 17438 0
2 17391 0
3 17826 20
Amin-Erdene Munkhbayar
MNG
47
1 1005 19
1 3642 0
1 5136 0
1 5298 0
1 5641 0
1 5991 0
1 6238 0
1 6330 0
1 6548 0
1 6794 0
1 6861 14
1 8303 0
1 8505 0
1 9069 0
1 9460 0
1 9930 19
1 10127 33
2 11458 0
2 11723 0
2 12003 0
3 12907 0
2 14511 0
2 14550 0
2 15311 12
1 15620 33
1 15728 14
1 15773 14
1 15930 14
1 15960 14
1 16137 14
1 16241 33
1 16342 14
1 16478 14
1 16780 14
1 16701 14
1 16679 14
1 16621 14
2 17016 0
2 17059 0
2 17156 0
1 17202 0
1 17427 14
1 17384 14
1 17326 14
1 17235 14
2 17839 0
2 17943 0
Aminjin Battulga
MNG
19
1 5731 42
2 9322 0
1 10010 42
1 10236 61
1 10586 61
1 10950 0
1 11075 61
3 13200 0
3 13418 0
3 13617 0
1 14429 61
3 15575 0
3 16960 0
3 17119 0
1 17198 33
1 17436 61
2 17567 0
2 17612 0
1 17920 61
Suvd Munkhbat
MNG
33
1 2556 0
1 2508 0
1 2456 0
1 2424 0
1 2292 0
1 2599 0
1 2697 0
1 4265 0
1 4356 0
1 4404 42
1 4463 28
1 4542 42
1 4847 14
1 4909 14
3 6818 0
3 6871 0
3 7008 0
3 7135 0
3 7289 0
3 7561 20
3 7719 20
3 8327 0
3 8984 20
3 9556 0
3 10461 0
1 11087 19
1 11501 14
2 12393 0
2 12702 0
3 17378 0
3 17315 0
3 17261 0
4 17494 0
Aniek Goeree
NLD
25
3 2429 20
3 2190 0
1 3158 28
1 3251 42
1 3540 0
1 3710 0
2 7060 16
3 8738 20
1 10853 0
1 11443 0
1 11480 19
1 12223 0
1 12468 0
1 12792 61
2 13595 16
1 14128 33
1 14252 33
1 14456 61
1 15026 33
1 15388 0
1 15614 0
1 16266 23
1 16301 84
1 16860 42
1 17020 42
Iris Samtleben
NLD
8
1 1436 42
2 6227 16
1 7152 61
3 11362 0
3 13486 0
4 15786 0
4 16597 0
3 17808 20
Karina Kovalska
NLD
10
1 2234 0
1 2772 0
1 2935 19
1 3773 33
3 7945 0
1 11604 42
1 12046 61
1 12929 0
3 13610 20
1 17933 0
Lenka Huang
NLD
30
1 1019 42
2 3103 0
3 4515 0
3 4656 0
3 4835 0
3 6319 0
3 6436 0
3 6639 0
1 7158 0
1 7603 0
1 7690 61
1 7845 33
1 7955 0
1 8163 0
1 8122 61
1 8283 0
2 9280 0
2 10026 0
1 11905 0
1 13534 0
3 13761 20
2 14365 0
2 14694 12
4 15725 0
1 16133 19
1 16554 61
1 16728 0
1 16850 0
1 17579 61
3 17842 20
Shanying Liu
NZL
9
1 4267 100
2 10438 0
3 11444 0
3 11597 0
3 12329 0
3 12987 0
3 13586 0
2 16331 0
3 17480 0
Ena (Yina) Yin
NZL
23
1 2213 0
1 2588 0
1 2721 14
1 2922 33
1 3137 33
1 3232 14
1 3514 42
1 3688 61
1 4316 61
1 7475 42
1 8142 42
1 8326 0
1 8400 84
2 11174 0
1 11644 84
2 12277 0
3 13909 0
3 14073 0
3 14451 0
3 15521 0
3 15961 0
1 16847 61
2 17455 0
Belle (Yinuo) Yin
NZL
16
1 2440 0
1 4175 0
1 4441 0
1 5893 14
1 6329 33
1 7541 28
1 7780 42
1 9525 61
1 10417 42
1 10624 42
1 10877 65
1 11553 65
1 11699 65
2 13589 0
2 15060 12
1 16294 84
Phoebe Zhang
NZL
22
1 3429 100
2 5070 100
4 11015 15
3 11688 20
4 12144 15
4 12291 15
4 12413 15
4 12675 15
3 14241 0
3 14821 0
3 14899 0
3 14946 0
3 14990 0
3 15055 0
3 15420 71
4 16843 0
4 17039 15
4 17136 15
4 17357 0
4 17504 34
4 17702 34
4 17876 34
Tea Volle
NOR
22
1 1471 14
2 2777 0
3 4025 3
3 4662 0
3 4807 0
3 5100 0
3 5486 20
4 6702 0
4 7165 0
4 7524 0
1 8385 14
1 9177 19
1 9299 33
1 9756 0
1 11127 0
2 12314 0
2 12744 0
2 13045 0
4 14200 0
4 14580 0
2 16922 0
2 17196 0
Mina Heier
NOR
11
1 2055 100
2 3695 16
2 4439 28
2 5587 43
3 6907 0
3 7046 0
3 7223 20
4 9851 15
3 16504 0
3 16839 0
3 17122 0
Tuva Kjøbli
NOR
24
1 1907 0
1 1777 0
1 1576 0
1 1436 42
2 3506 0
2 4024 0
1 9821 0
1 10684 19
1 11549 42
1 11862 0
1 11758 0
1 12246 33
1 12493 33
1 12609 61
1 14167 61
2 15479 0
2 15966 0
2 16158 0
2 16395 0
2 16844 0
2 16975 0
2 17219 0
2 17411 0
2 17379 0
Maryam Idowu
NOR
19
1 2290 28
1 2001 28
1 6365 0
1 6417 28
1 6557 28
1 6738 28
1 8202 0
1 8624 0
1 8826 0
1 9035 14
1 9155 14
1 9180 42
1 13770 14
3 15357 0
3 15471 0
3 15675 0
3 16212 20
3 16249 20
3 16577 20
Maria Cichosz
POL
12
1 1517 100
3 11478 20
2 13274 16
2 13888 16
2 13974 28
2 14892 28
2 15048 28
4 16490 0
2 17202 28
2 17283 43
4 17985 0
4 17879 0
Sylwia Sapkowska
POL
16
1 1205 100
2 6306 36
3 12660 0
3 12921 20
2 15281 36
2 15414 36
2 15737 36
2 15988 48
4 16768 0
4 16675 0
4 17094 10
4 17166 0
4 17206 0
4 17410 0
2 17969 20
2 17946 20
Zofia Krok
POL
9
1 1331 100
2 6437 100
3 15334 0
3 15562 0
3 15618 0
3 15648 20
4 17784 0
4 17904 0
4 17871 0
Paulina Żeleźnik
POL
12
1 803 100
2 3863 49
2 4171 100
3 13766 0
3 14121 0
3 14583 20
4 15314 0
4 15756 0
4 16267 0
4 17273 0
4 17494 18
4 17837 18
Anastasia Corsac
MDA
10
1 3884 28
1 4172 42
2 7741 16
2 9070 0
2 9294 16
2 10496 16
2 11425 28
1 13403 42
1 13522 42
1 14948 0
Iulia Slănină
ROU
8
1 2304 100
2 11633 22
2 12126 50
2 12226 100
3 17418 0
3 17933 0
3 17875 20
3 17984 0
Teodora-Maria Şerban
ROU
12
1 2223 19
1 2001 0
1 1844 0
1 2917 100
3 8559 0
3 9484 0
3 11882 0
3 12949 0
2 17191 16
2 17418 16
3 17629 0
3 17693 0
Ana-Valeria Duguleanu
ROU
22
1 2426 42
1 2306 42
1 2867 0
1 4676 42
1 4774 42
1 8876 42
1 9413 42
1 9932 84
1 10522 42
3 11321 0
3 11408 0
3 11515 0
3 11630 0
3 12188 0
3 14064 0
3 14639 0
3 14954 0
3 15512 0
3 16113 0
3 16786 0
3 17283 0
3 17746 20
Karina-Andreea Dumitrescu
ROU
15
1 2301 28
1 4797 28
1 4987 28
1 5096 65
1 5303 84
2 7704 0
2 10916 0
2 12353 0
2 12569 16
2 13507 28
3 16962 0
3 17415 0
3 17314 0
3 17472 0
3 17796 0
Juri Ibrahim Qassam Aljohani
SAU
23
1 2435 42
1 1803 42
1 2611 61
1 3164 84
2 5469 0
2 5545 0
2 6144 16
2 6259 16
2 6647 16
2 6808 28
3 10141 0
3 10177 0
3 10440 0
3 10494 0
2 16897 0
2 17157 0
2 17220 27
2 17458 28
2 17412 0
2 17371 0
2 17514 28
2 17594 43
3 17646 0
Uzouf Hassan Alawi Baagil
SAU
40
1 2387 0
1 2198 28
1 2738 42
1 2832 61
1 3205 61
1 3390 61
1 3485 0
1 3684 0
2 7890 16
2 9533 0
2 10074 0
2 10476 12
2 10504 28
1 10854 0
4 11948 0
4 12289 0
1 13029 0
1 13331 0
1 13440 19
1 13899 0
1 14278 0
1 14519 0
2 15583 12
2 15637 27
2 15698 43
4 16204 0
4 16053 0
4 16402 10
4 16573 0
4 16606 10
4 16767 0
1 17114 0
1 17435 0
1 17246 0
1 17595 0
1 17688 0
1 17742 19
1 17793 0
1 17968 0
1 17943 0
Rifal Khalid Hassan Alhazmi
SAU
11
1 4522 100
2 6813 0
2 7174 16
2 8771 28
3 11342 0
3 12118 0
3 12557 0
3 12657 0
3 12997 20
4 14964 0
4 16915 0
Leen Majed Ali Qanash
SAU
22
1 825 100
3 5222 0
3 5272 0
3 5657 0
3 6106 0
3 6146 0
3 6219 0
3 6315 0
3 6401 0
3 6663 0
3 6777 20
3 7173 0
2 8922 0
2 9152 0
2 9609 12
2 10521 28
2 14449 28
2 15957 70
3 16431 0
3 16531 0
3 16570 20
3 17460 0
Anja Dožić
SRB
15
1 1237 100
2 4433 12
2 7442 28
2 9497 28
2 9741 28
3 11647 0
3 11695 0
3 11942 0
3 12676 0
3 12769 0
3 13090 0
3 13048 0
3 12976 0
3 13143 20
2 15168 43
Sofija Čebašek
SRB
22
1 596 100
2 3888 16
2 6500 36
3 7218 0
3 8039 0
3 8166 0
3 8097 0
3 8215 3
3 9445 0
3 9715 0
3 10071 0
3 10371 0
3 10447 0
3 10486 0
3 10909 0
2 11582 0
3 12398 0
3 13868 20
2 16514 0
2 16537 0
2 16732 100
2 16636 28
Anđela Nestorović
SRB
18
1 2005 42
1 4592 42
1 5045 0
1 5620 42
2 8095 0
1 9566 0
3 9786 0
1 9741 0
3 10107 0
3 10523 0
3 11689 0
3 11921 0
3 12288 0
2 13682 0
2 13883 0
3 14725 0
3 15245 0
3 16402 20
Iva Živković
SRB
23
1 2545 61
1 2470 61
1 2324 61
1 1983 61
1 1611 19
1 3130 61
1 3584 61
2 9365 12
1 9639 61
2 11125 12
2 12033 12
1 12855 33
1 12929 61
1 14000 61
1 14033 14
1 14652 42
1 15118 42
1 15178 42
1 15510 84
2 16526 0
2 16604 12
2 17114 28
2 17500 43
Shen Zihan
SGP
15
1 702 100
2 2628 100
4 4910 0
4 5332 0
4 5446 15
3 7741 0
3 7862 0
3 9360 0
3 9554 0
3 9630 0
3 12873 0
3 12897 20
3 15569 0
3 17197 0
3 17931 71
Jamie Lim Jia Sin
SGP
13
1 881 100
1 724 84
2 3050 27
2 3168 100
4 7185 0
4 7448 15
3 9695 0
3 10045 20
3 14928 0
3 15128 0
3 15848 0
3 15914 50
3 16957 0
Zhu Wenxin
SGP
6
1 1034 100
2 14636 0
2 14804 0
2 17433 16
2 17645 16
2 17969 28
Aanya Kaur Agrawal
SGP
11
1 1482 100
2 2869 0
2 3190 16
3 4333 20
4 6626 0
4 6957 15
2 9283 28
2 10216 28
2 10392 27
2 10494 43
2 17859 43
Alica Dományová
SVK
20
1 3127 28
1 3237 70
1 3350 70
1 3632 84
1 5235 84
3 6053 0
3 6316 0
3 7028 0
3 7408 0
4 8494 15
2 11603 12
3 12086 0
3 12649 20
1 13058 14
1 12981 14
1 13136 14
1 13348 84
1 13629 65
4 16357 33
1 17435 100
Eliška Macáková
SVK
12
1 1280 100
2 8733 100
3 13175 82
4 14997 0
4 15138 0
4 15240 0
4 15858 15
4 15955 10
4 16867 34
4 17295 34
4 17543 34
4 17707 34
Šárka Macáková
SVK
7
1 5490 100
2 9027 16
2 10801 16
2 11217 28
3 17661 0
3 17960 0
3 17851 0
Hana Kalábová
SVK
11
1 1917 61
1 2611 61
3 4585 20
2 7935 16
2 8703 16
2 9050 16
2 10111 28
3 12029 0
3 12437 27
1 17287 61
1 17857 84
Lara Stamać
SVN
18
1 2289 0
1 2900 28
1 2990 28
1 3190 28
1 3311 28
1 3476 100
2 6163 0
2 6246 0
3 6471 20
4 8433 0
4 9109 15
2 13255 0
2 13369 0
2 14486 0
2 14641 0
4 15316 15
4 17958 15
4 17933 15
Špela Gačnik
SVN
13
1 2436 0
1 2799 0
1 2924 0
3 6128 0
3 7258 0
3 8507 0
3 9026 20
1 14263 28
1 14648 28
1 16005 28
1 17528 28
1 17917 61
1 17889 0
Helena Folia Cots
ESP
26
1 2459 61
1 2171 61
1 2126 0
1 1873 61
3 3943 20
3 4773 0
3 4949 0
1 5435 61
1 6310 33
1 6370 33
1 6575 33
1 6624 61
1 6846 61
3 7520 20
1 8437 61
2 10467 0
2 10603 0
2 11959 0
2 12849 16
1 13348 61
1 13828 33
2 14418 0
2 14457 16
1 15455 61
1 17161 61
1 17480 61
Amal Dokkar El Hamoudi
ESP
17
1 2062 100
1 1979 61
1 952 0
3 4105 20
3 10807 0
3 11041 0
3 11456 0
3 11674 0
2 12102 0
2 12031 0
2 12129 0
2 12194 0
2 14263 16
3 15629 0
3 15964 0
2 17631 0
3 17663 0
Adriana Aguiló Martínez
ESP
16
1 2318 100
3 6141 0
3 6310 0
2 9568 0
3 9958 0
3 10669 0
2 10856 0
2 10993 16
2 12195 12
2 12241 28
3 12881 20
4 14776 15
4 16329 15
4 16581 15
4 17055 15
4 17582 15
Eulàlia Gaya Bretones
ESP
29
1 2294 0
1 3347 28
1 3407 28
2 4792 0
1 5148 0
1 5181 14
2 5274 0
1 5436 28
1 5510 0
1 5691 0
1 5879 42
3 7233 0
3 8054 0
1 8960 0
2 11674 0
3 13564 0
2 13843 16
2 14378 12
2 14469 28
3 15701 0
1 16133 70
1 16254 84
3 16739 0
3 16622 0
3 16849 0
3 17320 0
3 17625 0
3 17918 20
3 17863 0
Lovisa Diding
SWE
11
1 6075 42
1 6298 65
1 6572 100
2 11848 0
3 12749 0
3 13105 0
3 13362 0
3 13400 20
2 16051 0
2 16478 0
2 17084 12
Ellinor Klara Åhlander
SWE
5
1 3378 56
1 3673 100
2 15211 48
2 15856 48
2 17955 0
Jiachen Mi
SWE
25
1 3876 0
1 4223 0
1 4454 0
1 4480 0
1 5765 0
1 5836 0
1 5944 0
1 6485 14
1 6903 0
1 7230 33
1 7997 61
1 8902 56
1 8977 84
1 9577 84
1 9713 84
1 10177 84
1 10227 100
3 12120 0
3 12156 0
3 12513 0
2 14528 12
3 15686 0
3 16121 0
2 17711 28
3 17874 20
Sofie Fu
SWE
14
1 2472 33
1 3027 19
1 3199 0
1 3232 100
2 12170 0
3 15605 0
3 15955 0
3 15983 0
3 16148 0
3 16083 0
3 16787 0
3 16966 0
3 17405 20
3 17317 0
Jasmin Studer
CHE
20
1 5345 100
2 8935 100
3 11706 0
3 12050 0
3 12132 0
3 13098 0
3 13067 0
3 12969 0
3 13256 0
3 13323 0
3 13828 0
4 14033 0
4 14110 0
4 14366 15
4 15502 15
3 16832 0
3 16741 0
3 17015 0
3 17087 20
3 17900 0
Vivienne Burckhardt
CHE
16
1 694 100
2 6085 36
2 6544 36
2 7034 36
2 7533 36
2 7761 36
4 8796 0
4 9160 0
4 9539 0
3 10062 0
3 10287 0
3 10364 0
3 10750 0
3 10901 0
3 10975 20
2 17102 48
Hannah Oss
CHE
48
1 1344 100
2 4745 16
2 6066 0
3 7858 20
3 9901 0
4 9927 0
4 10297 0
4 10559 0
4 10689 0
4 10769 0
4 11376 0
4 11410 0
2 11725 0
4 13925 0
4 14448 0
4 14557 0
4 14748 0
4 14835 0
4 15256 0
4 15541 0
4 15403 0
4 15597 0
4 15680 0
4 16203 0
4 16148 0
4 16115 0
4 16086 0
4 16060 0
4 16019 0
4 16421 0
4 16464 0
4 16831 0
4 16792 0
4 16667 0
4 16867 0
4 16923 0
4 16961 0
4 17055 0
4 17085 0
4 17129 0
4 17173 0
4 17204 0
4 17312 0
4 17246 0
4 17480 0
4 17716 0
4 17842 0
4 17941 0
Meng Hongjia
CHE
43
1 2322 100
2 9729 0
2 9859 16
2 12733 16
2 12808 16
3 14738 0
3 14913 0
3 15012 0
3 15056 0
3 15360 3
3 15540 0
3 15658 0
3 15695 0
3 15713 0
3 15739 0
3 15759 3
3 15800 0
3 15834 0
3 15860 0
3 15954 0
3 16092 3
3 16066 0
3 16007 0
3 16250 0
3 16360 0
3 16456 0
3 16555 0
3 16841 0
3 16825 0
3 16809 0
3 16788 0
3 16726 0
3 16898 0
3 16928 0
3 16970 3
3 17032 0
3 17778 0
3 17843 0
3 17988 0
3 17961 0
3 17939 0
3 17920 0
3 17877 0
Ilef Ben Rahma
TUN
19
1 2224 14
1 2103 0
1 3451 14
1 3540 33
1 3655 33
1 4211 0
1 4643 84
2 5263 0
2 6336 0
2 6990 0
2 7051 12
2 10027 12
2 10086 28
3 12523 0
3 13313 0
1 14783 0
1 15391 0
1 17684 14
1 17877 14
Hiba Khalil
TUN
13
1 8687 0
1 11090 42
1 11378 61
2 11974 0
2 14056 16
3 14779 0
3 14935 0
3 15264 0
3 15336 0
3 15735 0
3 16693 14
2 17137 16
4 17610 0
Duru Ozer
TUR
27
1 899 100
1 855 42
2 3542 36
2 4650 36
2 4830 48
2 5473 0
2 5504 70
4 11002 0
3 13578 0
3 13478 0
3 13676 0
3 13881 20
4 15169 0
4 15463 0
4 15860 0
4 16109 0
4 16090 0
4 16321 0
4 16414 0
4 16677 0
4 16889 0
4 16961 15
4 17085 0
2 17424 85
2 17382 58
2 17361 0
2 17342 48
Bergüzar Yürüm
TUR
16
1 1366 100
1 1328 0
2 3490 0
2 4145 48
2 4300 28
2 7127 0
2 7258 49
3 11390 20
4 12783 0
4 12818 15
4 14030 15
2 14176 65
4 17188 0
4 17224 15
4 17967 15
4 17952 0
Elif Basak Keles
TUR
22
1 2305 0
1 2783 33
1 4031 100
2 7176 12
2 8186 12
3 9736 0
3 9672 0
3 9924 0
3 10107 0
3 12731 0
2 12908 0
3 12942 0
3 13068 0
3 13133 0
3 13277 0
3 13603 0
3 13886 0
2 16465 0
2 16991 0
2 17730 0
2 17965 0
2 17884 0
Nehir Karatopcu
TUR
21
1 2309 0
1 2235 0
1 2672 19
1 3215 33
1 3568 33
1 4147 61
1 4605 84
1 5804 19
1 5881 61
1 6465 100
3 8300 0
3 8647 0
3 8703 0
3 8881 0
3 8994 20
2 10297 12
2 12594 28
3 16266 20
3 16311 20
3 17684 0
3 17981 0
Olha Volianyk
UKR
9
1 3098 100
2 6983 16
2 11177 48
3 15467 0
2 15450 0
3 16136 0
3 16303 0
3 16572 0
3 16905 58
Daryna Karpenko
UKR
27
2 2528 48
1 765 100
2 2621 48
4 6776 0
4 6903 34
4 7348 0
4 7384 0
4 7535 0
4 7601 0
4 7834 0
4 7988 32
4 8127 32
4 8823 100
3 10184 0
3 10391 0
3 13738 0
3 14025 0
3 14118 0
3 14590 0
3 15907 0
3 15955 0
3 16004 0
2 16869 49
2 17634 0
2 17674 36
2 18000 12
2 17931 27
Alisa Potomkina
UKR
21
1 1246 100
1 882 33
2 2942 100
3 5543 0
3 5667 0
3 5821 0
3 6227 0
3 6427 0
4 8215 15
4 9228 0
4 9648 18
4 9821 33
3 10276 20
3 11889 20
3 13909 0
3 14113 71
3 14291 82
3 14502 0
3 14658 82
3 14898 100
4 17970 0
Daria Lobas
UKR
7
1 942 100
2 11633 22
2 12909 100
3 14722 0
3 15262 0
3 15311 20
4 17491 0
Julia Volovich
GBR
16
1 2368 100
1 2262 84
1 2191 0
1 1814 28
1 1597 0
3 7709 0
3 7856 0
3 8161 0
3 8441 0
3 8564 20
2 14939 16
2 16112 0
2 16945 0
2 17644 0
2 17969 0
2 17878 0
Nanako Ueda
GBR
12
1 3171 100
2 5477 16
3 7348 0
3 7563 0
3 7645 0
3 7842 0
2 8822 28
3 9235 0
3 10577 0
3 10671 0
4 11521 15
2 17943 0
Maria Chrysafis
USA
41
1 734 100
1 674 0
1 568 51
3 3012 0
3 3093 3
2 4987 0
2 5035 16
2 7025 16
2 7327 0
2 7347 20
2 7432 36
3 8772 0
3 8810 0
2 9991 0
2 9970 0
2 10271 0
2 10291 0
2 10361 36
2 11521 0
2 11532 16
2 11937 43
2 12120 65
2 12003 65
2 12256 0
2 12294 0
2 12471 43
2 12670 16
2 12730 63
2 12848 63
2 13017 100
3 14317 0
3 14231 0
3 15544 0
3 15465 0
3 15627 0
3 15749 0
3 15923 0
3 15969 20
3 16470 20
3 17775 0
3 17964 20
Tina Wang
USA
20
1 1280 100
2 4463 0
2 8009 0
2 8462 36
2 8648 0
2 8672 36
2 9493 48
2 10358 0
2 11026 0
2 11088 100
3 12546 0
3 14065 0
3 14400 0
3 14621 0
3 14781 20
4 15554 15
4 15486 0
3 17119 0
3 17142 0
4 17887 0
Luoluo (Christina) Li
USA
16
1 6207 0
1 10812 42
1 10898 42
1 11067 0
1 11257 42
1 11642 0
1 11724 19
1 11983 42
1 12186 42
1 12374 42
1 12624 19
1 13081 61
1 13483 100
2 14650 16
3 16682 0
3 16959 20
Yeyin (Eva) Zhu
USA
36
1 2250 84
1 1830 84
1 1748 42
1 1628 70
1 1464 70
1 1408 70
1 1327 70
1 1193 70
1 1154 70
1 1095 70
1 1024 70
1 3564 84
1 3737 33
1 3811 84
1 3887 84
1 4232 42
1 4281 42
1 4364 100
2 9380 100
4 13139 0
4 13385 15
4 13934 15
4 14490 15
4 14833 15
3 15570 0
3 15646 0
3 15741 0
3 16184 20
4 16617 15
4 16721 15
4 16867 15
4 16898 15
4 17003 15
4 17477 15
4 17807 34
4 17877 34
Jelizaveta Deņisova
LVA
24
1 2509 61
1 2463 33
1 2278 19
1 1921 42
1 1849 0
1 2839 61
2 5178 16
1 5805 0
1 5910 0
1 6064 0
1 6138 61
3 8107 0
3 8421 0
3 8660 0
3 9488 20
1 11723 33
1 12172 0
1 14879 33
1 16151 0
1 16735 61
3 17747 0
3 17793 20
3 17837 0
3 17866 20
Diāna Stecka
LVA
15
1 1628 61
1 1282 42
3 4756 3
3 5222 20
4 8615 0
4 9314 0
4 9777 0
2 13194 16
2 13253 16
2 13553 16
4 13968 0
4 14322 0
4 14432 0
4 14907 0
1 16243 100
Anete Gūtmane
LVA
5
1 3866 100
2 10655 36
2 11593 36
3 17567 0
3 17638 0
Ramona Poreitere
LVA
14
1 791 100
3 5004 0
3 6784 0
3 7292 82
3 8263 0
2 9770 16
2 11581 0
2 12546 27
2 12602 43
4 14765 0
4 15182 0
4 15542 0
4 15705 0
4 16075 15
