18291 18000
4
1
2
3
4
189
Syuzanna Grigoryan
ARM
35
2 7796 25
2 6941 6
2 6906 6
2 6752 6
2 6553 6
2 6398 6
2 5281 6
1 4066 63
1 2602 34
1 2320 34
1 2286 11
1 2125 11
1 1012 11
1 10707 40
3 13587 0
3 13869 12
3 14373 12
3 14574 12
3 14699 12
3 14746 12
3 15064 12
3 15258 22
3 16443 22
3 16538 22
3 16591 22
3 16783 22
3 16895 22
3 16926 22
3 17426 22
3 17452 22
3 17580 22
3 17677 22
3 17875 22
3 17902 22
3 17980 22
Filya Geikyan
ARM
25
2 7885 22
1 6892 100
1 4958 40
1 2864 11
1 2706 0
2 8090 22
2 8313 0
2 8421 0
2 8459 22
2 8634 22
2 9005 22
2 9320 0
2 9455 22
2 9667 22
2 9926 41
2 10391 22
2 11814 0
2 12944 0
2 13120 22
2 13246 22
2 13509 100
3 14215 12
3 14356 22
4 17065 0
4 17268 10
Meri Badalyan
ARM
19
2 7786 25
2 7153 6
2 6948 6
2 6852 6
2 6346 6
1 4081 11
1 3550 11
1 9440 0
2 10191 41
3 11343 0
3 11429 12
3 11686 12
3 12028 22
1 12615 40
1 13468 63
2 14389 25
2 14548 25
2 14762 25
4 17581 10
Arpi Prazyan
ARM
16
2 7851 6
2 7811 6
2 7741 6
2 7675 6
2 7619 6
2 7089 6
1 5740 100
2 8071 25
3 8780 0
3 9061 12
3 9821 22
3 11065 22
3 11210 22
3 11663 22
3 12626 22
3 14263 41
Uliana Malanyak
AUT
15
1 7905 40
2 3766 22
2 3570 6
2 3477 22
2 3114 22
1 9261 100
3 11788 0
3 12024 19
3 12009 0
3 12144 0
3 12214 19
3 12430 31
3 12811 41
2 13727 41
3 17723 31
Fidan Garayeva
AZE
12
3 7211 22
3 6967 22
3 5643 22
3 5069 22
3 4822 12
1 3137 40
1 2514 11
3 7976 41
1 9551 100
4 11024 10
2 12216 22
2 13842 41
Fidan Huseynova
AZE
21
4 7189 0
1 3941 100
1 1646 11
4 8727 0
4 8778 0
3 9736 12
3 9851 22
3 10594 22
3 10725 41
2 11565 6
2 12500 6
2 12569 6
2 12874 25
3 14015 41
3 14232 41
3 14371 41
4 15434 0
4 15536 30
4 16578 60
2 17583 25
2 17660 41
Ayan Karimova
AZE
21
3 7329 22
3 7271 0
3 6832 12
3 6775 0
3 5864 12
2 4322 6
2 3974 0
2 3698 0
1 3083 63
1 3041 34
1 2865 29
1 2066 34
1 760 11
3 8916 22
3 8974 22
3 9767 22
3 10177 22
3 12447 22
3 12847 22
3 13618 41
4 15576 0
Rahidil Bayramli
AZE
34
2 7927 6
2 7416 6
2 6537 6
2 6434 6
2 6069 6
1 5586 34
1 4683 11
1 3465 11
1 3088 11
1 2848 11
1 2700 11
1 2274 11
1 2142 0
1 2109 0
2 1440 6
2 8725 6
2 9721 6
2 10352 6
2 10543 0
2 10603 6
2 12171 6
2 13686 6
2 13876 6
2 14579 6
2 14920 6
2 15050 22
2 15526 22
2 16611 41
3 17017 0
3 17103 0
3 17250 12
3 17397 12
3 17710 10
3 17759 22
Valeria Cartagena Vaca
BOL
18
2 4830 6
2 4720 0
2 4615 0
2 4311 0
1 2122 11
1 10536 11
1 10938 34
2 11848 0
2 12565 0
2 13195 0
2 13286 0
2 13412 0
2 13736 0
2 14857 0
2 17296 0
2 17348 0
2 17549 0
2 17824 0
Lauren Jhanis Chavarría Colque
BOL
9
2 6082 0
2 4895 0
2 4733 0
1 10974 0
2 11320 0
2 12711 0
2 12847 0
2 13060 0
2 13343 0
Mayra Fernández Palma
BOL
0
Alejandra Susana Saavedra Zamora
BOL
4
1 8302 11
2 10246 6
1 16816 23
1 17781 34
Emina Hasanbegović
BIH
24
1 7443 0
1 9292 11
1 9421 11
1 9986 0
1 10353 34
1 11641 0
1 11710 0
1 12038 0
1 12100 0
1 12850 0
2 14807 0
2 14885 6
3 16107 12
3 16363 12
3 16469 12
3 16602 12
3 16693 22
3 17206 22
3 17351 22
3 17416 22
3 17595 22
3 17745 22
3 17865 22
3 17974 22
Ana Puhalo
BIH
14
2 6331 6
2 6096 6
2 5547 6
2 5270 0
2 5050 0
2 2461 6
2 2158 0
2 2038 0
2 1885 0
2 11223 6
3 11960 12
3 12714 12
3 12881 12
3 13046 12
Farah Demirović
BIH
30
2 7603 0
2 7538 0
1 6909 40
1 6788 40
1 6741 40
1 6442 40
1 6375 40
1 5625 11
1 5556 11
1 5371 11
1 5299 40
1 5045 40
1 5026 0
1 2492 40
1 2325 40
1 1111 11
2 7986 6
2 7945 0
2 8709 22
2 8961 22
2 9123 22
2 9263 41
4 12175 0
4 12247 0
4 12548 0
4 12682 10
4 14526 0
4 16123 0
4 16209 0
1 17585 11
Ines Jozić
BIH
11
1 7681 11
2 6143 6
1 13118 100
3 15115 0
3 15208 0
3 15305 0
3 15508 0
3 15641 0
3 15709 0
3 15744 0
3 17816 0
Luana Amorim Lima
BRA
22
1 7926 11
1 7898 0
1 7871 0
1 9764 11
2 11153 19
2 11354 25
3 12066 12
3 12451 12
3 12640 12
3 12786 12
3 12863 12
3 13374 22
3 13920 12
3 14176 22
3 14212 22
4 14933 0
4 15070 0
4 15105 10
1 17204 11
1 17495 40
3 17672 22
3 17834 22
Anita Ramos Almeida
BRA
25
2 7038 6
2 6920 0
2 6637 6
2 6521 6
2 6261 6
1 2118 34
1 1748 11
1 841 11
2 8190 6
2 8797 0
3 12015 12
3 12173 12
3 12396 12
3 12599 12
3 12775 22
3 13657 22
3 13913 22
3 14170 22
3 14505 22
3 14747 22
3 14951 22
3 16130 22
2 17336 25
3 17706 22
3 17916 22
Endy Lumy Okamura Miyashita
BRA
12
3 6464 12
2 5780 6
2 5463 6
1 3004 34
4 8780 30
1 13000 0
1 14278 63
2 16648 6
2 16852 6
2 16945 25
4 17934 0
4 17988 0
Estela Baron Nakamura
BRA
12
1 4251 100
1 3814 11
2 8181 0
2 8598 0
2 8820 6
2 10158 6
3 11276 0
3 11601 0
3 11743 12
3 12215 22
3 15691 22
4 17905 0
Yasmin Behich Erdim
BGR
38
1 7440 100
1 5574 11
1 5516 11
1 5453 11
1 5337 0
1 5305 11
1 3625 29
1 3553 0
1 3284 40
1 3175 40
1 3114 11
1 3005 40
1 2871 40
1 2792 40
1 2322 0
1 2059 40
1 1895 40
1 1589 11
1 1161 11
2 8788 0
2 8829 0
2 8908 6
2 9325 6
2 9812 6
2 9910 6
2 10148 25
2 13209 6
3 13997 22
3 14078 12
3 14615 12
3 14911 12
3 15388 22
3 15509 22
3 15627 22
3 16865 22
3 17022 22
4 17898 0
4 17969 0
Nora Ognyanova Paskaleva
BGR
45
1 7620 11
1 7130 11
1 7090 11
1 6995 11
1 6688 11
1 6174 40
1 5820 0
1 4968 0
1 4566 40
1 4500 0
1 3444 40
1 2907 11
1 2196 11
1 1863 11
1 1683 40
1 1433 11
1 9154 100
2 9879 6
2 10228 6
2 10372 22
2 11690 25
2 11775 25
2 11818 41
2 11950 25
2 12333 25
2 12441 0
2 12473 0
2 12499 0
2 12663 25
2 13227 25
2 13564 25
2 14301 0
2 14477 0
2 14654 100
3 15872 0
3 16087 0
3 16290 12
3 16646 12
3 16711 12
3 16999 12
3 17138 12
3 17374 22
3 17522 22
3 17884 0
3 17922 0
Emiliana Ivanova Dimitrova
BGR
41
2 7836 0
2 7769 0
2 7685 0
2 7047 0
2 6883 0
1 3445 100
1 3422 29
1 3230 0
1 2832 23
1 2641 52
3 9097 0
3 9183 0
2 9219 19
2 9256 19
2 9452 19
2 9744 19
2 9830 19
3 10699 0
3 10844 12
3 11448 0
3 11476 12
3 11737 12
3 11979 22
3 12729 22
3 12804 22
3 13113 22
3 13455 22
4 14368 0
4 14440 0
4 14495 0
4 14641 0
4 15026 10
3 15335 22
3 15494 22
3 16178 22
3 16410 22
2 16763 25
3 17641 22
3 17722 22
3 17913 22
3 17967 22
Nermin Hyusmen Idiriz
BGR
21
2 7465 6
1 7074 11
3 5290 12
3 4999 12
3 4136 12
1 2453 63
1 1902 40
1 1353 11
1 701 11
3 8479 31
3 10219 31
3 10795 31
3 12923 31
3 13603 31
3 13676 31
2 15186 19
1 16878 0
1 16908 0
1 17129 11
1 17446 0
3 17988 31
Iva Tadić
HRV
21
2 7910 0
1 7088 63
1 6933 34
1 6840 11
1 6087 34
1 5348 11
2 8146 6
2 8557 6
2 9051 6
2 9641 6
2 10299 6
2 10363 6
2 10423 6
2 10484 25
3 12970 0
3 13283 22
3 14506 22
3 14905 22
3 15473 41
2 17090 41
3 17966 41
Lara Semeš
HRV
17
2 3875 100
2 3792 6
2 3370 6
1 2118 100
1 854 34
3 11801 19
3 13097 0
3 13277 19
3 13467 19
3 13642 0
3 13679 19
3 13926 41
3 14601 71
4 17659 0
4 17826 0
4 17932 0
4 17997 0
Maša Dobrić
HRV
17
3 6904 41
3 6837 0
3 6680 22
3 6108 22
1 2035 100
3 9532 13
3 9789 35
3 9929 54
2 11782 22
2 12005 22
4 14010 0
4 14324 10
2 14671 22
2 15920 22
2 16266 22
2 17091 22
2 17997 22
Lana Škarica
HRV
11
2 7041 41
2 6267 22
1 3808 63
1 2938 34
3 9090 0
3 10081 22
4 11605 10
2 14246 0
3 14276 22
2 17243 41
2 17845 41
Zuzana Aubrechtová
CZE
7
1 4415 100
4 11974 0
4 12705 48
4 13098 48
4 14846 58
4 15649 62
2 17412 19
Lucie Roskovská
CZE
20
1 5238 11
1 5218 0
1 1989 0
1 1185 0
3 10256 0
3 10372 0
3 10732 0
3 11209 12
3 11944 12
3 12035 12
3 12265 12
1 16047 40
1 16180 0
1 16338 63
3 16882 0
3 17163 0
3 17264 12
3 17586 12
3 17771 12
3 17825 12
Anh Linh Tran
CZE
9
1 5909 11
1 14989 0
2 16142 0
2 16380 6
2 16356 0
2 16967 0
2 17114 6
2 17369 6
2 17918 6
Svatava Šimečková
CZE
18
4 7183 10
4 6754 0
1 4387 63
1 3903 40
1 3043 34
1 3024 0
1 1633 11
2 12014 0
2 12226 19
2 12576 25
3 13153 12
3 14122 22
3 16475 41
1 16922 63
1 16981 63
1 17086 63
1 17667 11
1 17833 63
Julie Lagoni
DNK
17
3 7061 12
1 6701 34
3 5598 0
1 4250 11
1 4155 0
1 3544 11
2 2232 6
1 805 0
4 10141 10
1 13254 40
1 13513 63
2 14372 6
2 14771 25
4 15006 0
3 17764 0
3 17783 12
3 17949 12
Rakel Sophia Hermann
DNK
27
2 9960 0
2 10402 0
4 12701 0
1 13753 0
1 13805 0
1 14097 0
1 14242 0
1 14484 0
1 14836 0
1 14874 0
1 14959 0
1 15027 0
1 15791 0
2 15971 0
2 16015 0
2 16324 0
2 16420 0
2 16582 0
2 16646 0
2 16974 0
2 17175 0
2 17279 0
2 17603 0
2 17702 0
2 17797 0
2 17851 0
2 17921 0
Sara Bettio
DNK
15
2 6911 6
1 3069 11
2 8118 6
2 8480 6
2 8673 6
2 8956 6
2 11223 6
2 11503 6
2 11722 6
3 13616 12
3 15728 12
3 15793 12
3 16056 12
3 16969 12
3 17851 12
Leonora Thøgersen
DNK
7
3 5869 22
2 2275 6
1 1225 11
4 8581 10
1 10449 11
1 10959 34
2 13589 6
Gabriela Padilla Salgado
ECU
12
2 4345 0
2 4258 0
2 3828 0
2 3677 0
2 3590 0
2 14123 0
2 14541 0
2 14763 0
2 15007 0
2 16536 0
2 17022 6
2 17820 0
Melany Zavala Toapanta
ECU
2
2 17752 0
1 17773 0
Shekina Chango Franco
ECU
1
1 6015 0
Dayana Chiluisa Flores
ECU
3
4 7027 0
1 3555 0
2 12447 0
Shahd Mohamed Abdalla
EGY
26
3 7603 0
3 7467 0
3 7397 0
3 6796 12
1 6375 29
1 6332 29
1 6030 29
2 4181 25
2 4118 19
2 3432 6
1 2645 0
1 2586 0
1 2236 29
1 2020 40
1 1606 40
3 8063 12
3 8135 0
3 8185 12
3 8397 12
4 11082 10
1 15245 23
1 15368 63
2 16353 22
2 16488 41
3 16729 12
3 17943 0
Zena Hossam Abd El-Aty
EGY
21
2 7696 6
2 7418 0
1 4713 11
2 8279 6
2 8363 0
2 8424 22
1 8785 0
1 8823 0
1 9263 11
1 9799 11
1 9976 0
1 12877 0
1 12915 100
3 14499 0
3 14662 0
3 15746 0
3 16106 0
3 16318 12
3 16588 12
3 16791 12
2 17616 6
Sondos Waleed Elshopaky
EGY
26
3 7814 12
3 7651 0
3 7444 0
3 7264 0
2 6303 41
2 5579 25
2 5196 25
3 8318 12
3 8482 22
1 12334 0
1 12426 11
1 13735 0
1 13948 11
1 14155 34
1 14385 11
1 14798 63
4 15678 0
4 15727 0
4 16022 0
4 16179 0
4 16411 0
4 16798 0
4 16830 0
4 16930 10
3 17817 22
2 17974 0
Yara Osama Hassan
EGY
21
2 7560 71
2 7136 22
2 6962 22
1 5758 63
1 5360 40
1 5124 40
1 5050 0
1 3657 29
1 10617 40
1 10853 29
3 11470 22
3 13015 22
3 13085 22
3 13231 22
3 13629 41
1 15592 40
1 15766 40
1 16363 0
4 17411 0
4 17460 0
4 17627 0
Agnes Tennisberg
EST
20
1 7815 0
1 7670 29
1 5216 63
1 5032 40
1 3838 40
1 3638 29
2 13245 6
2 13771 6
2 14132 6
2 14634 6
2 14922 6
2 15013 6
2 15105 6
2 15158 6
2 15216 6
2 15260 6
2 15870 0
2 16452 0
2 16581 0
2 17784 0
Annika Märtin
EST
8
1 7045 0
2 3182 6
2 2969 0
1 13657 11
1 15631 23
1 15808 0
1 16015 0
1 16311 34
Aino Aulanko
FIN
44
3 7506 12
3 7455 0
2 5560 0
2 5476 0
2 5441 0
2 5198 0
1 4424 11
1 4387 0
1 967 11
1 10294 0
1 11398 0
1 11490 11
1 12020 0
1 12153 0
1 12200 11
1 12233 0
1 12371 11
1 12486 11
2 12626 0
2 12727 0
1 12845 11
2 12892 0
1 14258 0
1 14344 0
1 14419 0
1 14524 0
1 14877 0
2 14959 0
1 15019 0
1 15121 0
1 15194 0
1 15391 0
1 15445 0
1 15493 0
1 15584 0
1 15656 0
1 15755 0
1 15803 100
2 16366 6
2 17089 6
2 17197 0
2 17248 0
2 17321 6
2 17796 6
Emma Suomalainen
FIN
20
2 6761 25
2 6701 6
2 6551 6
2 5552 6
1 4734 40
1 3653 40
1 8114 63
3 9895 0
3 10232 12
3 11513 22
3 13000 22
3 13155 22
3 13813 41
4 14982 0
4 15237 0
4 15632 0
4 15995 0
4 16447 0
4 16703 10
1 17478 23
Minea Tiitinen
FIN
8
1 6790 100
1 6325 11
1 4838 0
2 11004 22
3 14454 22
4 16936 0
4 17466 0
4 17687 10
Alizée Marquardt
FRA
13
2 7725 25
2 7027 6
1 5733 63
1 4778 34
1 4687 0
3 9947 0
3 10053 12
3 10762 22
4 12667 10
1 16507 11
3 17556 22
3 17635 22
3 17845 22
Clémence Chitry
FRA
24
2 5608 25
2 5117 19
1 3920 63
1 3527 11
1 1971 34
1 669 11
2 9403 25
2 9928 25
2 10699 25
2 10770 25
2 10801 25
2 10831 25
2 11448 25
2 11648 25
2 11686 25
2 11764 25
2 11824 25
2 12059 25
2 12108 25
2 12291 25
3 12789 12
3 13147 22
3 16949 22
3 17535 22
Clémence Pham
FRA
32
2 7546 0
2 7111 0
1 4563 11
1 3935 11
1 3570 11
1 9297 40
1 9601 40
2 10376 0
2 10418 0
2 10449 0
2 10554 0
2 10777 0
2 10816 0
2 10854 0
2 10893 6
2 11324 6
2 11970 6
3 12941 0
3 13273 12
3 13452 12
3 15289 12
3 15474 0
3 15702 22
3 15893 0
2 16230 6
2 16320 6
3 16444 0
1 16738 63
2 16977 6
3 17064 22
2 17431 6
2 17988 0
Inès Fischler
FRA
18
2 7429 22
2 8346 22
2 8752 22
2 8898 0
2 9046 22
2 9134 22
2 9492 22
2 9577 22
2 9631 22
2 9749 22
2 10150 22
2 11066 22
1 14116 11
1 14620 0
1 14867 23
1 14956 34
1 17792 40
1 17916 63
Ketevan Tsimakuridze
GEO
25
4 7540 10
3 6627 100
3 5987 71
3 5700 36
3 5405 17
3 5192 17
3 5046 17
3 4824 17
2 2289 100
1 1467 100
4 8051 0
4 8173 0
4 8268 0
4 8357 0
4 8495 0
4 8604 10
4 8680 29
4 10882 0
4 10963 0
4 12092 0
4 12179 0
4 12290 64
4 12416 65
4 13062 0
4 13157 76
Teo Kakabadze
GEO
13
1 2521 100
3 8181 19
3 8361 31
3 8593 31
3 8803 41
3 12710 41
3 12782 41
3 13029 41
3 13289 41
4 14023 0
4 14150 10
2 17513 0
2 17664 6
Nino Chkhaidze
GEO
23
3 7342 22
2 4730 100
2 4379 22
2 4122 22
2 2776 6
1 1162 100
3 8117 22
3 8168 22
3 8688 41
3 11107 41
3 11365 41
3 11448 41
3 12078 41
3 12425 54
3 13101 54
4 14022 0
4 14329 0
4 14591 0
4 14675 0
4 14974 0
4 15056 10
3 16379 54
3 17311 54
Gvantsa Khvedelidze
GEO
22
3 7402 12
3 7247 12
3 5950 12
2 4808 41
2 4756 0
2 4679 41
2 3256 25
2 3153 6
2 2523 0
2 2181 6
2 2068 0
1 1663 100
3 8667 12
3 9314 12
3 9419 12
4 10462 0
4 10558 10
3 14196 12
3 14475 12
3 14560 12
4 16261 30
3 17038 12
Anna Polensky
DEU
19
4 6476 10
1 5486 100
3 9133 12
3 9838 12
3 10269 12
3 10515 12
3 11270 12
3 11955 31
3 13684 31
3 14597 48
3 15033 58
3 15427 71
2 16231 6
2 17250 6
2 17525 6
2 17765 6
2 17892 6
2 17981 0
2 17964 0
Michelle Engel
DEU
21
1 7512 100
1 6460 11
1 6224 0
2 8977 0
2 9065 0
2 9297 6
2 10194 6
2 10339 6
2 10536 6
2 10649 25
3 12380 0
3 12455 0
3 12594 12
3 13367 22
3 15608 0
3 15927 22
3 16119 22
3 16293 22
3 17026 22
3 17157 22
3 17911 22
Daphne Carmesin
DEU
23
1 6615 34
3 5455 22
3 5382 0
1 1506 11
1 1473 11
1 1419 0
1 1255 0
1 964 11
2 9528 0
2 9560 0
2 10031 6
2 10256 6
2 11959 6
2 12024 6
2 12107 6
2 13472 6
4 14353 0
4 14566 0
4 14993 10
1 17558 0
1 17632 0
1 17664 11
1 17997 11
Zhuoyu Du
DEU
13
1 6915 40
1 5448 40
1 4660 0
1 8067 100
2 14218 6
4 14591 0
2 15131 6
2 15211 6
4 15498 0
4 16024 0
4 16226 10
2 17274 100
3 17870 0
Sarra Angeliki
GRC
9
2 6908 0
2 6557 0
2 6136 0
2 5821 0
2 5546 0
1 2863 11
2 10163 0
2 12182 0
2 15030 0
Karali Eleni
GRC
24
2 7675 25
2 6008 6
2 5790 0
2 5290 0
1 5161 11
1 5048 11
1 4841 11
1 4576 11
1 4561 0
1 2906 11
1 2801 0
1 2426 0
1 1525 0
1 1430 0
1 780 11
3 9150 12
3 9487 10
3 9578 22
4 12191 10
1 13025 34
1 15221 34
1 15285 34
1 16841 34
1 17238 34
Tsiopoulou Maria Eleni
GRC
15
3 7045 12
3 6819 0
2 5263 6
1 4308 34
1 4182 23
1 4119 0
1 2441 11
3 10213 0
1 13163 11
1 14138 40
1 16114 34
1 16239 23
1 16756 63
2 17890 0
2 17916 0
Csilla Fülöp
HUN
29
2 6391 6
2 5519 22
1 2388 100
3 8537 0
3 8653 22
3 9338 22
3 9439 22
3 10668 22
3 10835 22
3 11174 22
3 11262 0
3 11662 0
3 12160 22
3 12422 22
3 12545 41
2 13372 6
2 13433 22
2 13506 0
2 13648 41
4 15445 0
4 15960 0
4 16154 0
4 16238 10
2 17215 0
2 17383 0
2 17563 0
2 17642 0
2 17904 0
2 17975 0
Boglárka Nagy
HUN
16
1 7862 40
1 7258 11
1 6295 11
3 3864 12
3 3096 12
3 2648 12
3 2348 0
3 2277 0
1 8925 63
2 9553 6
2 10072 6
2 11815 25
3 15020 12
4 16807 10
3 17614 12
3 17978 12
Korina Nagy
HUN
9
3 7039 0
1 3598 11
1 1896 11
3 8784 0
3 8830 0
3 9013 12
2 10175 25
1 14004 11
1 15717 11
Zsófia Keresztély
HUN
18
2 7708 25
2 6631 25
1 2285 100
3 10353 0
3 11848 0
3 12425 0
3 12715 0
4 14034 0
4 14094 0
4 14176 10
3 14388 0
3 14786 0
2 15264 0
2 15541 0
2 15588 25
3 16907 19
3 17262 31
3 17677 41
Eva Natalía Elvarsdóttir
ISL
2
2 14903 0
1 15923 0
Eva Sóllilja Einarsdóttir
ISL
8
2 7926 6
2 7796 6
2 7389 6
2 7062 0
2 6956 0
2 9134 6
2 9306 25
1 17911 11
Sólbjört Tinna Cornette
ISL
7
2 7496 0
2 8180 0
2 8786 0
2 8956 0
2 10002 0
2 10448 0
2 10927 6
Frigg Einarsdóttir
ISL
23
1 7347 11
2 3958 6
2 3876 0
2 3263 0
2 2773 0
2 2245 0
2 1773 0
2 1722 0
2 1662 0
2 1610 0
2 1577 0
2 1552 0
2 1350 0
2 1257 0
2 1167 0
1 10246 11
2 15026 0
2 15126 0
2 15320 0
2 15581 0
2 15627 6
2 16035 6
2 16275 6
Anusha Gupta
IND
45
2 7882 19
2 7827 25
1 7260 34
1 7067 23
1 7015 23
2 5759 25
2 5486 19
2 5404 19
2 5372 19
2 4605 19
2 4422 0
2 4246 0
1 2647 11
1 2621 0
2 8035 25
2 7969 25
2 8138 41
1 8907 11
1 8949 0
1 9166 0
1 9398 40
1 9492 0
1 9547 63
3 10650 0
3 10793 0
3 10885 0
3 10947 0
3 11348 10
3 11449 10
3 11501 22
3 13011 22
3 13134 22
3 13218 22
3 13771 22
3 13886 22
3 14104 22
3 14220 22
3 14314 22
3 14922 22
4 15728 10
4 16656 0
4 16709 0
4 16799 0
3 17180 22
3 17370 22
Megha Hegde
IND
23
1 7401 23
1 7245 0
1 5723 11
1 8320 100
2 8814 0
2 9041 6
2 9510 22
2 10846 22
2 11200 22
2 11492 0
2 13224 6
2 13195 22
2 13534 6
4 14062 0
4 14428 0
4 14574 10
3 15099 12
3 16228 22
3 16744 0
3 16852 22
3 17074 22
3 17222 22
3 17947 22
Neha Singirikonda
IND
14
1 4486 63
2 13357 6
3 14947 12
3 15503 22
2 16313 6
2 16768 6
2 17046 6
2 17324 6
2 17632 6
2 17657 6
2 17713 6
2 17742 6
2 17833 6
2 17967 6
Neha Sane
IND
35
3 7729 12
1 7706 0
1 7082 40
1 6631 40
1 6521 11
1 6180 11
1 6145 11
1 6090 11
1 5867 11
1 5786 11
2 5357 6
2 4914 6
2 4546 6
2 3525 6
2 2944 6
2 2808 6
1 2340 11
1 1911 0
1 833 11
3 7959 22
4 9510 0
4 9762 10
1 12085 40
1 12270 40
2 13665 6
2 14587 6
2 14869 6
2 15600 6
2 15643 6
2 16206 6
2 16280 6
2 16485 6
2 16662 6
2 17074 6
2 17184 22
Ayushi Mahajan
IRL
22
1 7199 34
1 7184 11
1 7079 11
1 7034 0
1 5268 11
1 4510 11
1 4409 0
1 3953 11
4 9101 10
1 10754 63
2 11180 6
2 12419 19
2 12463 25
1 12983 0
1 13044 63
3 14611 0
3 14809 0
3 15209 0
3 15268 0
3 15681 22
1 16639 63
1 17192 63
Mayan Salomon
ISR
13
2 6692 22
2 5897 6
2 5621 6
2 3409 6
1 11221 40
1 13444 40
2 16608 55
2 16814 100
1 17346 11
1 17582 0
1 17708 11
1 17843 40
1 17926 40
Yael Ginzburg
ISR
26
1 6209 40
1 4530 40
1 4378 40
1 3557 11
1 2665 40
1 2574 40
2 9730 25
2 9813 25
2 9880 0
2 9916 25
2 10131 0
2 10207 0
2 11280 0
3 14347 0
3 14433 0
3 15476 0
1 15458 0
3 15721 0
3 15755 0
1 16867 11
1 16922 11
1 17203 0
1 17425 0
1 17652 0
3 17957 0
3 17989 0
Lia Geva Brodt
ISR
9
2 7894 6
2 7829 0
1 6369 11
1 6311 0
1 6075 11
4 9644 0
4 9889 0
4 10172 0
4 10824 10
Noa Ben Israel
ISR
19
4 7266 10
4 7136 0
4 6856 0
3 5608 22
2 3973 0
2 3519 0
1 2088 0
1 699 11
1 8742 0
3 10502 22
3 10916 22
2 11872 6
2 12586 22
2 13069 22
2 13185 22
2 13409 22
2 14451 41
1 16739 40
3 17388 41
Noemi Gambirasio
ITA
12
3 6706 19
2 8914 6
2 8999 6
1 13389 100
4 13959 10
2 15285 25
3 16390 12
3 16470 31
3 17668 19
3 17765 19
3 17748 19
3 17907 19
Serena Federici
ITA
27
1 4552 0
1 4480 40
1 4439 0
1 4386 0
1 4363 0
1 4319 11
1 4285 11
1 4103 0
1 4053 0
1 3943 0
1 3126 29
3 9128 0
1 9580 0
1 9740 0
1 10083 0
2 10881 6
2 11082 6
2 11480 25
2 12194 0
3 13875 12
3 14645 0
1 16076 11
1 16571 0
3 17258 0
3 17309 12
3 17460 12
3 17611 22
Lavinia Tornaghi
ITA
69
1 7177 11
1 6883 11
1 5908 11
1 5271 11
1 5229 11
1 5163 0
1 5019 0
1 4929 11
1 4791 0
1 4749 11
1 4691 11
1 3916 11
1 3716 11
1 8004 40
1 7981 0
1 8132 11
1 8183 11
1 8490 0
4 9270 10
3 9767 0
3 9894 0
3 9935 0
3 10001 12
3 10681 12
3 10748 22
3 11419 22
3 11615 22
3 11790 22
3 11948 22
3 11982 22
3 12122 22
3 12152 22
3 12199 22
3 12664 0
3 12698 22
3 12750 22
3 12813 22
3 12783 22
3 12909 22
3 13095 22
3 13125 22
3 13211 41
3 13326 41
1 13506 40
1 14472 29
1 14712 29
1 14994 11
1 15048 11
1 15269 0
1 15341 0
1 15387 0
1 15417 0
1 15440 0
1 15485 0
1 15712 0
1 15736 52
1 15912 0
1 15991 0
1 16025 52
1 16064 52
1 16090 29
1 16263 0
1 16288 52
1 16382 11
1 16571 100
2 17008 6
2 17391 0
2 17863 0
2 17908 6
Sofia Maragò
ITA
19
1 7481 100
3 4985 0
3 4588 0
3 4470 0
1 2011 11
1 1859 11
2 9895 19
4 11600 0
4 12386 30
4 13531 36
4 15424 0
4 15598 0
3 15733 19
4 15930 0
4 16426 0
4 16700 0
4 17168 60
2 17531 25
4 17813 60
Iroha Maple Heffernan
JPN
53
3 7845 22
3 7732 22
3 7300 22
3 7172 0
3 5921 22
3 5812 12
3 5461 12
4 4925 10
4 4540 0
2 2876 100
2 2561 55
1 1554 100
3 8002 0
3 8121 22
3 8649 41
3 9368 41
3 9575 0
3 9639 41
3 9984 41
3 10117 41
3 10354 0
3 10455 0
3 10972 0
3 11078 0
3 11676 17
3 11710 58
3 12644 0
3 12754 41
3 12899 58
3 13122 58
3 13466 58
3 13648 41
3 13745 41
3 13784 41
3 13857 58
3 14170 0
3 14204 19
3 14882 58
3 15086 58
3 15128 54
3 15252 41
3 15281 41
3 15531 58
3 15705 54
3 15729 71
3 15949 54
3 16609 71
3 16852 71
3 16875 71
3 16901 71
3 17046 71
3 17066 71
3 17186 71
Hanako Oda
JPN
27
3 7657 0
3 7606 0
2 6293 100
2 5371 55
2 5175 6
1 3379 63
1 2680 40
1 2187 40
1 2102 40
3 8089 0
3 8859 0
3 8988 0
3 9115 12
3 9670 12
3 10190 12
3 10504 22
3 10746 0
3 10829 22
3 10899 0
3 11335 22
4 12104 10
3 16487 0
3 16720 0
3 17185 22
3 17315 0
3 17550 0
3 17852 22
Zhanfan Shen
JPN
12
4 7394 10
2 6758 55
2 5785 19
2 5497 0
1 4622 40
1 4235 11
3 11957 31
3 13575 31
3 13989 31
3 14266 19
2 16761 100
4 17742 30
Akari Fujii
JPN
22
2 4273 100
1 3087 100
1 2685 11
1 2475 11
3 8689 0
3 9287 0
3 9657 0
3 9687 0
3 9972 12
3 10496 12
3 10901 22
3 11539 22
3 12565 22
4 13842 0
4 14039 0
4 14172 10
3 14941 22
3 15880 22
3 16062 22
3 16425 41
3 17457 0
3 17959 0
Amina Sagaitova
KAZ
33
3 7783 12
3 7155 12
2 5816 6
2 5768 6
2 4847 6
2 4744 0
2 4498 0
2 4089 0
2 3984 0
2 3841 0
1 3823 0
1 2093 11
1 1702 11
1 1052 11
3 7949 22
4 9981 0
1 11615 0
2 13663 0
2 13691 25
1 14650 0
1 14861 0
1 14925 0
1 15066 0
1 15145 0
1 16072 0
1 16362 0
1 16703 0
1 16812 0
4 17772 0
4 17845 0
4 17943 0
4 17998 0
4 17966 0
Dayana Iskhakova
KAZ
19
4 7937 10
3 6303 12
3 5232 12
2 4716 6
2 4562 6
2 4359 6
2 4140 6
2 4063 6
2 3399 6
1 2694 34
1 2386 11
1 845 11
2 10843 6
2 11514 6
2 11580 6
2 11734 6
1 14189 34
2 16611 25
1 17351 11
Yasmin Aipanova
KAZ
52
4 7365 0
4 7020 0
4 6873 0
1 6038 11
1 5829 11
1 5714 0
1 5670 0
1 4717 0
1 3315 0
1 2283 11
1 2009 11
2 8296 0
2 8726 0
2 9387 0
2 9449 0
2 12193 0
2 12369 0
2 12412 0
4 12974 0
4 13080 0
4 13232 0
4 13493 0
4 13535 0
2 13849 0
2 13894 6
2 14113 22
2 14474 0
2 14510 0
3 14993 0
3 15049 0
3 15069 0
3 15189 0
3 15238 0
3 15416 0
3 15486 0
3 15515 0
3 15644 0
3 15767 0
3 16061 0
3 16102 0
3 16256 12
3 16561 12
3 16768 12
4 16907 0
4 16984 0
4 17043 0
1 17651 11
4 17771 0
4 17816 0
4 17849 0
4 17934 0
4 17982 0
Assemay Bakhytzhan
KAZ
26
3 3845 12
2 2605 6
1 1183 11
1 1141 11
2 9481 6
2 9652 6
2 9683 6
2 9777 6
2 9814 6
2 10557 6
4 11451 0
3 11459 12
3 11634 12
3 11866 22
3 11965 22
3 12182 22
2 14273 0
3 14291 0
3 14349 22
2 15321 6
2 15385 6
2 15485 6
2 15990 25
3 16546 22
3 16585 22
3 17044 22
Akmaral Surakhmatova
KGZ
9
2 7823 0
1 4589 0
1 4185 0
2 8029 0
2 8437 0
2 8478 0
2 12177 0
2 12249 0
2 17816 0
Zarina Zhobonova
KGZ
1
2 12688 0
Aiperi Shabdanalieva
KGZ
16
2 6486 6
2 6359 6
1 4580 11
1 3965 11
1 3898 0
1 3369 0
1 3263 0
3 8151 0
3 8761 0
3 9196 12
3 9417 12
3 9723 12
3 9929 12
3 10260 22
1 13532 11
1 14877 34
Aiperi Akzholtoeva
KGZ
16
3 6648 12
2 5443 6
2 4708 6
2 4632 0
1 2918 40
1 2849 29
1 2468 40
1 2250 11
1 1971 11
3 10027 12
3 10262 12
3 10857 12
2 16771 6
2 17094 6
3 17770 12
3 17836 12
Juta Adomaitytė
LTU
8
2 6408 6
2 6249 0
1 2486 0
1 1975 11
2 8743 6
2 8949 6
2 9204 25
1 17198 0
Aistė Savickaitė
LTU
20
4 7659 0
4 7055 0
2 5070 6
1 1509 0
1 1431 40
1 1297 40
1 8826 40
1 8998 29
1 9808 40
1 11267 63
2 12528 6
2 13810 6
2 13964 6
2 14007 25
3 14560 12
3 15081 0
3 15142 12
3 15383 12
3 16527 12
3 16950 22
Austėja Bolytė
LTU
12
2 4182 6
1 3386 34
1 2590 0
1 1506 11
2 8870 6
2 9334 6
2 10562 25
4 12685 0
4 13279 0
4 14189 0
3 16661 0
3 17396 0
Sima Miliūnaitė
LTU
1
1 8276 0
Kateryna Oseledets
LUX
21
1 7677 0
1 7010 0
1 8271 11
1 8635 34
1 9175 34
1 9608 34
1 9655 34
1 10578 0
1 10625 34
1 11996 0
1 12290 0
1 12834 11
1 12985 11
1 13865 11
2 15494 0
2 15767 0
2 16174 0
2 16654 0
2 17114 0
2 17302 0
2 17385 0
Sophia Bumšteinaité
LUX
24
2 5035 0
2 4913 0
2 4782 0
3 3370 12
3 3217 0
3 3037 0
3 2979 0
2 8287 0
2 8417 0
2 8511 0
2 9050 0
2 10880 6
2 11646 6
2 12024 6
2 12632 25
2 12797 25
3 13690 22
2 15067 0
1 16207 0
1 17194 0
1 17339 0
1 17364 0
2 17695 0
1 17898 0
Laura Shaw Barragan
LUX
14
3 7393 12
2 5979 0
2 5228 0
2 4797 0
2 2774 6
1 930 11
1 909 0
1 832 0
3 8856 12
3 9369 12
4 11619 0
4 12474 0
4 12905 10
3 14716 12
Tereza Bílková
LUX
19
1 7086 11
1 5588 0
1 5374 0
2 4238 0
2 3147 0
2 2084 0
2 1658 0
2 1444 0
2 8617 0
2 12531 0
2 14007 0
2 14258 0
2 14548 0
2 14687 0
2 16363 0
2 16591 0
2 16790 0
2 16865 0
2 17289 0
Sofija Velkovska
MKD
18
1 7884 11
2 7547 0
2 6961 6
2 6838 6
2 5016 41
2 4933 41
2 4409 41
2 3995 41
2 3701 22
1 11579 11
1 12753 40
1 15048 40
1 15922 34
1 16023 63
3 16586 12
3 16813 22
3 17913 0
3 17954 22
Atina Ruvinova
MKD
31
3 6913 12
3 6853 12
3 6289 12
3 5655 12
2 4458 6
2 4370 6
2 4249 6
2 4120 6
2 3768 6
1 3019 40
1 2093 11
1 2070 11
1 2001 11
1 1508 11
1 943 11
1 9063 11
3 9809 12
3 9900 12
3 10292 12
1 12580 0
1 12610 0
1 12668 29
3 13722 12
3 13919 12
3 14208 12
3 14335 12
2 15304 6
2 16116 6
2 16158 0
2 16194 6
1 16748 29
Sara Stefanovska
MKD
1
1 14161 40
Jovana Trifunoska
MKD
17
3 7671 22
3 7170 12
2 6057 0
2 5651 22
2 4729 0
1 3818 63
1 2787 40
1 1000 11
3 10122 22
1 12893 100
2 13583 0
2 13905 0
4 15564 10
2 17166 19
2 17227 41
3 17998 22
2 17970 0
Natalia Malpica Blackaller
MEX
24
1 7633 34
1 7400 0
1 2955 34
1 2693 0
1 2322 23
1 1688 11
2 8506 0
2 8615 6
2 8666 6
2 8648 0
2 10219 6
2 10538 6
2 13288 6
1 14824 34
1 14987 34
1 15698 0
1 15754 34
1 15869 34
1 16640 0
3 17244 0
3 17369 12
3 17586 22
3 17686 0
3 17740 10
Cynthia Naely Lopez Estrada
MEX
27
1 6576 63
1 6244 0
1 6224 11
1 6198 11
1 6157 34
1 5905 11
1 5783 0
1 4453 11
1 2436 11
1 1854 11
2 10593 0
2 10740 0
2 11004 0
2 11180 6
2 11411 0
2 11612 0
4 14100 10
2 14217 22
2 14698 22
2 15067 22
2 15111 22
2 15394 41
3 16781 0
3 16895 13
3 17044 13
3 17303 52
3 17327 71
Romina Nájera Fuentes
MEX
19
2 4829 22
2 3758 0
1 2043 100
3 8060 0
2 9731 0
2 10718 0
3 11015 12
3 11491 22
3 12567 41
3 13565 0
4 14639 10
4 15693 30
4 16519 0
2 16723 0
4 16736 0
2 17232 0
2 17433 0
2 17588 0
2 17721 0
Alondra Valdivia Sánchez
MEX
15
1 5531 11
2 4004 0
2 3948 0
1 3914 0
1 2988 0
1 2744 0
1 1924 0
1 1671 0
1 1418 0
2 10865 0
2 12269 6
3 13354 0
4 13346 0
3 13617 0
3 13784 0
Nomu-Luun Olonbayar
MNG
18
3 7903 12
1 4362 34
1 3965 23
1 3898 0
1 2645 11
1 11444 0
3 11460 22
3 12401 22
3 12539 22
3 12790 22
3 12849 22
2 13719 0
2 14016 0
2 14066 6
2 16756 0
2 16847 0
2 17018 6
2 17803 25
Amin-Erdene Munkhbayar
MNG
33
2 7627 6
2 7471 6
2 7351 6
2 7142 6
2 6594 6
1 5977 100
1 4920 11
1 4764 11
1 4359 11
1 3193 11
1 2930 11
1 2724 34
1 1692 0
1 821 11
1 645 0
2 8515 6
2 8917 25
3 10069 12
3 10401 12
3 10665 12
3 10799 22
3 11762 0
3 12131 22
3 12344 22
3 12647 22
3 13426 22
3 13540 22
3 14427 22
3 15632 22
3 15928 22
3 16906 22
3 17430 22
3 17779 22
Aminjin Battulga
MNG
15
1 5410 0
1 5063 0
1 951 11
2 10512 0
2 10746 0
2 11473 6
2 12161 6
2 12379 6
2 12534 6
2 12843 6
3 14303 12
1 16949 29
1 17084 11
1 17376 29
1 17933 0
Suvd Munkhbat
MNG
44
1 7577 0
1 5722 11
1 5593 11
1 5428 11
2 4674 0
2 4543 0
2 4441 0
2 4361 0
1 8193 0
1 8329 11
1 8995 0
1 9236 0
1 9712 0
1 9750 0
1 9967 0
1 10036 0
1 11017 0
1 11861 0
1 11905 0
1 12160 0
1 12300 0
1 12599 0
1 12714 11
2 13577 0
2 13646 0
2 13777 0
2 14080 0
2 14149 0
2 14265 0
2 14350 0
2 14651 0
2 14701 0
2 14817 0
2 15233 0
2 15401 0
2 15541 0
2 16051 6
2 16585 6
2 16657 6
2 16811 6
2 16849 0
2 16964 0
2 17066 6
1 17930 11
Aniek Goeree
NLD
9
1 5784 34
1 4639 11
4 3668 10
2 1929 6
1 8801 100
3 10433 22
2 12911 25
3 17399 22
3 17797 22
Iris Samtleben
NLD
9
2 7738 6
2 7273 0
1 5755 100
4 11028 0
4 11140 10
2 12938 6
2 13192 6
2 13902 6
2 14460 25
Karina Kovalska
NLD
11
2 6748 6
2 3380 6
1 2139 34
1 2073 0
1 659 11
2 9673 6
2 10279 25
3 11008 12
3 11554 22
4 15230 10
1 17931 0
Lenka Huang
NLD
26
3 6665 22
3 6425 12
3 5813 12
3 5558 12
2 4868 6
2 3843 6
2 3684 0
2 2950 6
2 2756 0
1 1591 0
1 1014 11
1 728 0
4 8086 10
1 10067 23
1 10121 23
1 10456 0
1 10620 34
1 11102 34
1 11141 34
1 11687 34
1 15943 11
1 16828 11
1 17252 34
1 17437 0
3 17835 0
1 17885 34
Shanying Liu
NZL
10
1 5674 34
1 5073 11
1 4783 23
2 10345 6
3 11784 0
3 12360 0
4 13405 0
4 13687 0
4 14347 10
1 17949 11
Ena (Yina) Yin
NZL
18
2 7893 6
2 6609 6
2 6488 0
1 5752 40
1 4943 29
1 4513 29
1 2955 11
2 8202 6
3 9861 0
1 11086 63
2 11988 6
2 14029 6
1 14657 29
2 16609 25
3 17221 0
3 17269 0
3 17360 12
3 17780 12
Belle (Yinuo) Yin
NZL
14
2 7604 6
1 6892 0
1 6503 0
1 1206 11
2 10713 0
1 11855 0
1 12103 0
1 12436 23
1 13252 34
1 13330 34
3 15009 12
3 17012 0
2 17578 0
2 17907 0
Phoebe (Yufei) Zhang
NZL
18
3 7717 63
3 7575 63
3 7405 33
2 6069 100
3 7964 63
3 8187 63
3 8451 52
3 8688 0
1 9464 100
3 9653 52
3 9776 63
3 10338 63
3 10501 63
3 10661 100
4 12210 10
4 15117 0
4 15144 0
4 15182 0
Tea Volle
NOR
20
4 7538 10
4 7476 0
3 5853 22
3 5597 12
3 4737 12
2 4040 0
2 3663 0
2 2936 6
2 2539 0
1 1648 0
1 672 11
2 8017 0
2 8551 6
2 10148 6
2 10220 6
2 10519 6
1 11789 0
1 12687 11
1 14718 11
1 15265 11
Mina Heier
NOR
19
3 5301 0
3 4669 0
1 2807 63
1 2585 11
1 1729 34
1 1480 11
1 1294 11
1 561 11
1 389 0
4 8104 29
2 10906 6
2 12324 25
3 13017 19
3 13338 19
3 13524 31
3 13886 31
3 14047 31
3 14255 41
4 17954 60
Tuva Kjøbli
NOR
24
1 4730 11
1 1453 11
1 1386 11
1 1328 0
1 1230 0
1 8420 0
1 8518 0
2 8551 0
2 8669 0
2 9031 6
2 9328 0
2 9594 6
2 9771 6
2 9825 6
2 9894 6
2 11996 6
2 12062 6
2 12462 6
2 12624 6
2 12966 6
2 13493 6
2 13734 6
1 16695 0
1 17027 0
Maryam Idowu
NOR
12
2 6940 6
2 6426 0
2 4763 6
1 3328 0
2 8014 6
2 7956 0
3 11522 12
3 11714 22
4 13817 10
1 14168 11
1 16627 0
1 16784 34
Maria Cichosz
POL
20
2 7364 25
2 7050 6
1 2150 40
1 1655 40
3 10048 22
3 11093 22
3 11531 22
3 11592 22
3 11896 22
3 12547 0
3 12588 22
4 14207 10
1 15669 63
1 15949 23
1 15987 63
3 16616 41
3 17352 41
3 17555 41
3 17783 0
3 17942 41
Sylwia Sapkowska
POL
25
3 7811 33
3 7426 50
3 7152 0
3 7040 50
3 6824 50
3 6745 0
3 6504 0
3 6209 50
3 5647 33
2 3672 100
1 2868 34
1 2308 34
3 8241 100
1 8382 29
1 8705 63
4 10156 0
4 12386 0
4 12769 0
4 13639 0
4 14367 0
4 14569 30
4 15371 0
1 16720 34
1 17363 63
1 17635 11
Zofia Krok
POL
25
2 6965 100
2 6419 0
2 6367 0
2 5678 22
2 5636 6
2 5624 0
1 2759 100
1 1777 11
3 10408 0
3 10503 0
3 11922 0
3 12163 0
3 12316 0
3 12603 0
3 13162 22
3 14529 22
3 14545 22
3 14668 0
3 14698 22
3 14945 22
3 15650 22
3 15708 22
3 16229 41
3 17832 0
3 17849 22
Paulina Żeleźnik
POL
16
3 7781 54
3 7602 41
3 6657 41
3 5792 19
3 5696 0
4 4804 10
4 4679 0
4 4635 0
4 4403 0
2 2967 100
1 1540 100
1 1377 11
4 15416 0
4 15709 0
4 15920 0
4 16334 29
Anastasia Corsac
MDA
8
1 4971 11
2 3572 6
1 8514 29
1 9099 29
1 9375 29
1 9537 29
3 17239 0
3 17740 0
Iulia Slănină
ROU
21
2 5042 100
1 3492 100
1 3076 40
1 2847 40
1 2755 0
1 1809 40
1 1331 40
3 9175 22
3 11206 22
3 11299 22
3 11896 22
3 12828 41
3 15373 58
3 15619 71
4 16224 0
4 16268 10
3 16466 71
4 17281 0
4 17558 0
4 17648 0
4 17978 0
Teodora-Maria Şerban
ROU
21
2 6997 25
2 6960 0
2 4363 6
2 4272 0
2 4096 0
1 3122 100
2 8415 41
3 10952 12
3 12491 0
3 12541 12
3 12516 0
3 12898 12
3 13268 12
3 13428 12
3 13486 12
4 14425 0
4 15024 0
4 16329 10
3 16813 31
3 16913 31
3 17121 41
Ana-Valeria Duguleanu
ROU
14
2 5563 25
2 4939 6
4 8569 10
3 10512 12
1 11869 29
1 12689 40
1 13990 40
1 15541 11
1 15750 11
1 15880 11
3 16293 22
1 16683 40
1 16936 0
1 17528 11
Karina-Andreea Dumitrescu
ROU
11
1 7289 63
1 7239 0
1 6985 0
1 5705 40
2 8408 6
3 10355 22
2 13500 25
2 13962 25
2 14328 25
2 14797 25
2 15434 25
Juri Ibrahim Qassam Aljohani
SAU
15
1 7765 63
1 7445 34
1 6508 34
1 6454 23
4 2492 10
3 1504 12
1 752 11
2 8084 6
2 8910 25
2 13097 6
2 13702 0
2 13778 0
2 14006 6
2 15151 55
2 17965 19
Uzouf Hassan Alawi Baagil
SAU
38
2 7940 6
2 7883 6
2 7847 6
2 7573 0
2 7387 0
2 7185 0
2 6875 0
1 3555 63
1 3267 34
1 2689 34
2 8116 0
2 8285 0
2 8457 6
2 8703 19
2 8759 25
2 9543 25
2 11113 25
3 11658 22
3 12216 22
3 12369 22
3 12603 0
3 12826 0
3 13139 0
3 13243 0
3 13486 0
3 13590 0
3 13927 0
3 14976 0
3 15051 0
3 15172 0
2 15548 0
3 15922 0
3 15973 0
3 16402 0
3 16432 0
3 16489 0
3 16557 0
1 17843 0
Rifal Khalid Hassan Alhazmi
SAU
8
2 6598 22
1 5044 100
2 8877 41
3 10213 12
3 11883 22
4 14378 0
4 15063 0
4 15484 10
Leen Majed Ali Qanash
SAU
28
3 7832 22
3 7728 22
3 7608 22
3 7383 22
3 7309 22
3 7121 22
3 6975 22
3 6850 0
3 6660 22
3 6520 0
2 4593 41
2 4165 25
2 4105 0
2 3977 25
1 2207 100
1 1927 63
1 888 0
3 8332 22
3 8456 22
3 8511 22
4 12868 10
4 13223 0
3 15993 22
3 16055 22
3 16524 22
3 16733 22
3 17803 22
3 17927 41
Anja Dožić
SRB
13
2 7477 6
2 7283 0
1 2743 11
2 12343 0
2 12611 0
2 12636 0
2 13586 22
2 14548 100
4 15859 0
4 16369 0
4 16453 0
4 16931 0
4 17009 10
Sofija Čebašek
SRB
40
3 7755 12
3 7338 12
3 7239 12
3 6781 12
2 6084 100
2 5734 19
2 5596 19
1 2582 11
1 2478 11
1 1830 11
1 1577 11
1 1503 0
3 8354 12
3 8411 0
3 8439 12
3 8583 12
1 9570 11
3 9895 12
1 11308 11
1 11431 40
3 11729 12
3 12071 22
3 12614 41
1 13151 29
1 13182 29
1 13319 40
1 13409 40
1 13435 40
1 15413 40
1 15730 63
4 16350 0
4 16573 0
4 16704 0
4 17161 0
1 17455 34
4 17755 0
4 17829 0
4 17862 0
4 17959 0
4 17988 0
Anđela Nestorović
SRB
5
2 6208 6
1 2774 11
1 14837 0
1 16105 11
1 17525 11
Iva Živković
SRB
33
2 6848 6
2 6766 0
3 6627 0
3 5497 0
3 5295 0
3 4970 0
3 4744 0
2 4673 0
1 2865 100
1 2617 11
3 8481 0
3 8581 0
3 8748 0
3 9564 0
2 10490 6
2 10796 6
3 12260 0
3 12400 0
3 12501 12
3 13525 12
3 14025 12
3 14321 12
3 14751 12
3 15072 22
3 15426 22
3 15928 22
3 16544 22
3 16876 22
3 16985 22
3 17053 22
3 17531 22
3 17653 22
3 17908 22
Shen Zihan
SGP
19
3 5009 19
3 4710 0
2 4005 100
2 3862 0
1 2234 100
1 2060 40
1 1428 11
4 8182 0
4 8791 10
3 12832 31
3 13401 31
3 13951 31
3 14040 31
3 15975 48
3 16311 58
3 16494 71
3 16847 71
4 17550 0
4 17905 0
Jamie Lim Jia Sin
SGP
12
2 4151 100
1 1262 100
3 11847 0
3 11899 0
3 12252 0
3 12408 13
3 12624 32
3 13020 54
4 13051 0
4 13272 0
4 14290 10
4 15405 30
Zhu Wenxin
SGP
17
1 5860 100
1 3120 11
1 2611 11
4 8785 0
4 9280 0
4 9510 0
2 10424 6
2 11620 6
2 12062 6
2 12391 0
2 12409 6
3 16076 22
4 16229 0
3 17511 0
3 17654 0
3 17693 22
3 17824 22
Aanya Kaur Agrawal
SGP
13
1 7072 11
2 4695 6
1 3361 11
1 860 11
3 10519 0
3 10563 0
3 10683 12
3 11063 22
3 12849 0
2 13504 25
1 15505 0
1 15599 0
4 16485 10
Alica Dományová
SVK
7
4 7386 10
4 7294 0
3 6357 19
3 5632 0
2 3098 22
1 11287 100
2 17745 0
Eliška Macáková
SVK
14
3 7415 33
3 6819 33
3 6585 22
2 1876 100
1 1103 100
3 8086 33
3 8675 33
3 9173 69
3 9930 69
4 12313 0
4 12669 90
3 13168 69
3 13320 69
3 14037 100
Šárka Macáková
SVK
4
2 5049 6
1 3277 11
1 2851 11
1 13400 100
Hana Kalábová
SVK
7
1 5828 40
1 5577 63
1 2156 34
4 12051 0
4 12416 29
2 14513 6
2 16251 25
Lara Stamać
SVN
42
2 7938 6
2 7757 6
2 7711 6
2 7549 6
2 7493 6
2 7307 0
2 7005 0
2 6578 0
2 6283 0
2 6155 0
2 6095 0
1 5290 63
1 5113 11
1 4873 40
1 4811 0
1 3898 29
1 3575 11
1 3418 0
1 3374 0
1 3253 40
1 3167 29
1 2573 40
3 8977 0
3 9073 0
3 9224 0
3 9350 0
3 9730 12
3 10373 12
3 11042 12
3 11356 12
3 11801 12
3 12203 12
3 12338 12
3 12478 12
3 12545 12
3 12677 12
4 14225 0
4 14305 0
4 14367 0
4 14518 0
4 14698 0
4 14755 0
Špela Gačnik
SVN
14
1 12721 0
1 13267 0
1 13664 0
1 13796 0
1 14076 0
1 14176 11
1 14306 34
2 16013 0
2 16294 19
2 16778 19
2 16898 25
4 17816 0
4 17880 0
4 17963 0
Helena Folia Cots
ESP
28
3 7864 22
3 7361 22
3 6223 12
3 5836 0
3 5662 0
3 5388 0
1 3532 40
1 3443 11
3 7962 22
3 8149 22
3 8484 22
2 9021 6
1 9282 63
4 10091 0
4 10211 0
4 10285 10
3 12127 22
3 12774 22
3 12873 22
3 13965 22
3 14286 22
3 14396 22
3 15734 22
3 15866 22
3 16431 22
3 16813 22
3 17216 0
3 17278 22
Amal Dokkar El Hamoudi
ESP
28
1 6933 11
1 6857 11
1 5974 11
1 5771 11
1 3403 11
1 3389 0
1 2882 0
1 2403 0
4 9249 10
2 9713 0
2 9747 6
2 10053 6
2 10586 6
2 10654 25
4 12229 30
4 14128 0
2 15927 41
1 16446 0
1 16488 0
1 16657 0
1 16704 0
1 16748 0
1 16817 0
1 16849 11
1 16938 11
1 17136 11
1 17397 11
1 17479 11
Adriana Aguiló Martínez
ESP
12
1 7505 40
1 3315 40
1 8427 40
1 8627 40
2 9620 19
2 11114 41
4 12545 0
4 12757 30
3 16558 19
3 17287 32
3 17608 44
1 17989 63
Eulàlia Gaya Bretones
ESP
15
1 2334 11
4 8089 0
2 10699 6
2 10939 6
3 12475 0
3 12717 0
3 12866 12
3 13401 22
3 13749 22
3 13858 22
2 14744 0
1 15631 23
1 15722 34
4 17370 0
4 17967 0
Lovisa Diding
SWE
8
1 11244 34
1 11995 63
2 13437 25
3 15418 12
3 15976 12
3 16429 12
3 16713 12
4 17968 0
Ellinor Klara Åhlander
SWE
7
1 4035 100
1 2297 40
4 11593 0
4 11620 10
4 15975 29
3 17465 100
2 17906 6
Jiachen Mi
SWE
15
2 7827 6
2 7687 6
2 7141 6
2 6918 0
2 6784 0
1 5938 34
1 5375 11
2 7995 6
2 8183 25
3 8598 12
3 9311 22
4 10216 10
1 16200 34
1 16705 0
1 17479 100
Sofie Fu
SWE
17
1 5796 63
1 5675 34
1 4553 11
1 3431 40
1 3230 40
2 9039 6
2 9499 6
3 11083 0
3 11511 0
3 11846 0
2 12122 6
2 12365 25
3 13322 0
3 13432 0
3 13707 0
3 14284 0
3 17277 0
Jasmin Studer
CHE
26
3 7570 0
3 7390 0
1 3341 100
1 3105 11
3 8036 0
3 8097 0
3 8536 0
3 8709 22
3 9191 41
2 11903 55
2 12257 55
2 12336 55
2 12394 55
2 12479 55
2 13031 100
4 13973 30
3 16227 0
3 16393 0
3 16711 0
3 17048 41
3 17094 41
3 17277 41
3 17576 0
3 17601 58
3 17950 0
3 17996 0
Vivienne Burckhardt
CHE
12
1 7473 40
2 12153 22
2 12967 41
3 13359 12
4 14763 0
4 14820 0
1 16716 63
3 17495 22
4 17836 0
4 17856 0
4 17934 0
4 17918 0
Hannah Oss
CHE
9
3 7520 100
3 6988 30
1 3422 100
2 11292 6
4 12684 10
4 14577 0
4 15488 29
2 16424 0
2 16469 25
Hongjia Meng
CHE
25
1 12268 0
1 12410 0
1 12660 0
2 13426 0
2 13533 6
2 14147 6
2 14216 6
2 14466 6
2 14517 0
2 14541 6
2 14820 6
1 15453 0
1 15566 0
1 15691 0
1 15750 11
1 16201 0
1 16252 0
1 16323 0
1 16523 0
1 17020 0
1 17150 0
1 17220 0
1 17334 0
1 17550 0
1 17721 0
Ilef Ben Rahma
TUN
25
1 7284 40
1 1163 11
1 921 0
2 8660 0
2 8752 0
2 8849 0
2 8955 6
1 9844 11
1 10024 11
1 10721 0
1 10803 0
1 10956 40
1 11196 40
1 11434 100
2 12562 0
3 12668 12
3 13184 12
3 13464 22
3 13919 22
3 14165 22
3 14529 22
3 14755 22
3 15451 22
4 17424 0
4 17594 10
Hiba Khalil
TUN
16
1 6251 11
1 6129 0
1 8377 11
1 10486 29
1 10556 40
2 12947 6
2 13267 6
2 14343 25
3 15977 0
3 16771 0
3 16890 0
3 17126 12
3 17461 12
3 17575 12
3 17709 12
3 17864 12
Duru Ozer
TUR
25
3 7878 41
3 7652 19
2 3792 100
1 2897 100
1 2820 40
1 2675 11
1 2586 11
1 2466 11
1 1763 34
1 1324 34
1 1188 34
3 8112 41
3 8242 41
3 8402 41
3 8582 0
3 8604 100
4 12407 0
4 12794 30
4 15051 0
4 15123 0
4 17655 0
4 17779 0
4 17852 0
4 17883 0
4 17894 0
Bergüzar Yürüm
TUR
32
2 4598 100
1 1200 11
1 1179 0
1 695 11
1 8571 100
3 10169 12
3 10715 0
3 10740 12
3 11552 22
3 11995 22
3 12085 22
3 12402 22
3 13278 22
4 13686 0
3 13730 41
3 13980 41
3 14632 41
3 14752 41
4 15973 0
4 16028 0
4 16229 0
4 16251 0
4 16333 0
4 16415 10
3 16991 41
3 17053 41
3 17154 41
3 17265 41
4 17251 0
3 17547 0
3 17578 41
3 17963 41
Elif Basak Keles
TUR
15
2 7930 6
2 7580 6
2 7542 0
2 7388 0
1 2729 34
1 2048 0
2 8193 0
1 13677 34
2 16928 19
2 17073 0
2 17128 0
2 17374 0
2 17649 19
2 17699 25
1 17902 34
Nehir Karatopcu
TUR
25
4 7679 0
2 6508 6
2 5800 6
2 5674 0
1 5017 100
1 4482 34
1 3873 34
4 7972 0
4 8240 0
4 8476 0
4 8851 0
4 8880 10
3 9729 22
3 10875 0
3 10930 0
3 11077 22
3 11693 22
3 12131 41
2 12721 6
2 13071 25
2 15225 6
2 15373 6
2 15539 25
2 15657 25
3 17918 22
Olha Volianyk
UKR
21
2 4149 25
2 3744 25
2 3479 6
1 1308 100
2 8699 6
2 8873 25
2 9406 0
2 9454 25
2 10555 0
2 10611 6
2 10707 6
2 12767 0
2 13087 6
4 15005 0
4 15669 0
4 15732 0
4 15876 0
3 16146 12
3 17385 12
3 17534 12
3 17604 12
Daryna Karpenko
UKR
34
2 6654 100
2 6596 0
2 6538 0
2 6318 19
1 5538 100
1 869 11
1 787 11
3 9485 29
3 9858 29
3 10068 100
4 14561 0
4 14599 0
4 14785 0
4 14810 0
4 15230 0
4 15402 0
4 15706 0
4 15768 0
4 16007 0
4 16383 0
4 16421 0
4 16469 10
4 17413 0
4 17450 0
4 17486 0
4 17550 0
4 17617 0
4 17647 0
4 17693 0
4 17734 0
4 17817 0
4 17839 0
4 17891 0
4 17916 0
Alisa Potomkina
UKR
15
3 7281 13
2 2522 100
2 2432 22
1 931 100
3 7979 13
3 8177 0
3 8266 13
3 8514 19
3 8979 0
3 9120 54
3 9386 71
4 11328 10
3 13423 39
3 14940 71
3 15076 71
Daria Lobas
UKR
20
2 6288 55
1 4433 100
1 3363 11
1 2552 11
3 12114 0
3 12225 0
3 12492 0
3 12690 30
3 13089 0
3 13775 0
3 14104 0
3 14633 0
3 14771 30
3 14917 30
3 15410 30
3 15557 0
3 15596 30
3 16064 0
3 16143 17
3 17577 17
Julia Volovich
GBR
16
1 4135 40
1 3900 0
1 1794 11
2 9600 6
2 9956 6
2 10302 0
2 10367 0
2 10442 0
2 10677 0
2 13603 6
2 16736 0
2 16804 0
2 17109 6
3 17411 0
3 17497 0
3 17578 12
Nanako Ueda
GBR
18
2 6513 100
2 4709 25
2 4620 25
1 2635 11
3 10328 22
3 10801 22
3 11006 22
3 11386 0
4 12502 0
4 12676 0
4 13115 0
4 13623 0
1 15028 11
1 15130 40
1 16083 11
1 16294 11
1 16918 63
4 17078 0
Maria Chrysafis
USA
45
1 7651 34
1 7107 11
1 7044 0
1 6840 40
1 6494 11
1 5979 11
3 5557 19
3 5452 0
3 5307 0
3 5238 0
3 5045 0
2 2646 71
2 2598 0
2 2555 0
2 2538 0
2 2506 0
2 2449 0
2 2316 0
3 8053 0
3 8080 41
3 9639 0
3 9829 0
3 9983 0
3 10083 0
3 10284 0
3 10587 0
1 10857 29
1 11004 0
1 11253 29
1 11425 29
1 12078 0
1 12287 0
1 12592 0
1 12683 0
1 12856 0
1 12910 0
1 13375 100
2 13471 25
2 13595 0
2 13623 71
2 13701 71
3 14166 0
3 14328 0
3 17552 0
3 17611 0
Tina Wang
USA
13
2 5767 100
1 1976 100
3 8423 12
3 8639 12
3 8769 12
3 9032 12
3 9249 22
3 9456 22
3 9559 41
4 10451 0
4 10638 10
3 11850 41
3 12910 54
Luoluo (Christina) Li
USA
17
2 5803 0
2 4683 6
1 2709 100
3 10035 12
3 10240 0
3 10277 12
3 11453 0
3 11510 12
3 11744 12
3 12754 12
3 12975 22
3 13315 22
2 14127 25
4 15397 0
2 16235 41
3 16490 22
3 17115 41
Yeyin (Eva) Zhu
USA
40
3 7751 0
4 5093 10
4 5048 0
4 5008 0
4 4901 0
4 4870 0
2 3935 100
1 1342 100
3 8097 0
3 8509 0
4 9193 0
4 9257 0
3 9696 0
4 9723 0
4 9789 0
4 9965 0
4 10231 0
4 10280 0
4 10359 0
3 11061 0
3 11143 0
3 11182 0
3 11505 12
3 11881 12
3 12019 0
3 12085 12
3 12140 12
3 12198 12
3 12332 12
3 12689 22
3 14350 22
3 14501 41
4 14603 0
4 14661 0
4 15154 0
4 15212 0
4 15874 0
4 16574 30
4 17335 0
4 17888 30
Jelizaveta Deņisova
LVA
22
1 4875 100
1 4846 0
1 4364 11
1 4120 0
1 4072 0
1 2281 0
2 8711 0
2 8740 22
2 9566 41
3 12413 0
3 12440 0
3 12712 0
4 14820 0
4 14984 0
4 15232 0
4 16059 0
4 16352 0
4 16929 0
4 16984 0
4 17599 0
4 17730 0
4 17798 0
Diāna Stecka
LVA
17
1 7092 11
1 7027 0
1 6682 0
2 5073 0
2 4791 0
3 2804 12
3 2706 0
1 8406 34
2 11595 0
2 11651 6
2 12379 6
2 13035 25
4 14685 0
4 14897 0
4 15354 10
3 17854 12
3 17956 12
Anete Gūtmane
LVA
13
1 6461 63
1 6191 63
1 6142 0
2 9829 41
2 10006 41
2 10293 41
4 15453 0
4 15538 0
4 15728 0
4 16389 0
4 17359 0
4 17905 0
4 17935 0
Ramona Poreitere
LVA
11
1 6279 63
1 5448 11
1 5273 11
1 3316 29
1 3233 29
2 9541 25
3 11776 0
4 12803 10
3 13018 0
3 13251 22
3 17835 0
