11722 10800
2
1
2
189
Syuzanna Grigoryan
ARM
19
2 4370 19
2 4040 19
1 3076 0
1 2643 0
1 2535 0
1 2484 100
1 2281 21
1 2218 0
1 2049 100
2 4759 17
2 7103 0
2 7288 73
2 7262 73
2 7847 0
2 7952 0
1 9768 0
1 9684 0
1 9635 0
1 10210 30
Filya Geikyan
ARM
18
2 4467 19
2 4355 0
2 4216 0
2 3712 70
2 3547 0
2 2500 0
2 2410 0
1 1116 100
2 5883 0
2 5959 67
2 6083 73
2 7582 73
2 7918 73
2 8721 0
2 8903 72
2 10502 0
2 10689 55
2 10728 59
Meri Badalyan
ARM
12
2 3753 14
1 2942 51
1 2772 30
2 2213 19
2 1716 0
1 790 100
2 8273 0
2 8317 0
2 8503 23
2 8824 0
2 8927 0
2 9141 0
Arpi Prazyan
ARM
11
2 4653 0
2 4468 0
1 2998 21
1 2449 51
1 2366 21
1 1742 21
1 1642 21
2 4788 0
1 6306 0
2 6344 0
2 6461 18
Uliana Malanyak
AUT
7
2 2819 35
2 1506 17
2 1392 0
1 945 100
2 4802 18
2 6737 35
2 6982 20
Fidan Garayeva
AZE
30
2 4657 20
2 4590 19
2 4501 11
2 3926 22
2 3858 21
2 3793 16
2 3523 24
2 3369 18
2 3190 22
1 2269 100
1 2102 21
1 964 21
2 4759 23
2 5168 22
2 5926 17
1 6896 0
1 6960 0
1 7085 0
2 8254 0
2 8321 22
2 8637 13
2 8772 24
2 8876 19
2 8933 23
2 9010 21
1 9435 100
1 9487 100
1 9518 100
1 9550 100
2 10594 75
Fidan Huseynova
AZE
45
2 4360 73
2 4334 76
2 4301 74
2 4276 68
2 3929 73
1 2949 100
1 2450 100
1 2272 100
1 2135 0
2 5122 74
2 5198 66
2 5185 66
2 5242 74
2 5267 67
2 6495 60
2 7113 71
2 7141 74
2 7163 70
2 7225 71
2 7206 68
2 7184 66
2 7330 72
2 7375 69
2 7496 69
1 8206 0
1 8290 0
1 8336 0
1 8514 0
1 8477 0
1 8444 0
1 8415 0
1 8380 0
1 8651 0
1 8699 0
1 8737 0
1 8800 0
2 9173 67
2 9952 52
2 10377 0
2 10347 78
2 10309 80
2 10423 80
2 10607 73
2 10750 78
2 10780 73
Ayan Karimova
AZE
10
2 4569 0
2 4470 0
2 2996 0
2 2813 0
1 733 100
2 4826 17
2 5559 17
2 7292 17
2 7260 0
1 7562 30
Rahidil Bayramli
AZE
9
2 3853 0
2 3818 0
2 3701 0
1 788 100
1 566 21
2 5737 73
1 5937 0
1 5995 100
1 5974 0
Valeria Cartagena Vaca
BOL
4
2 3219 0
1 1462 21
1 1086 0
1 972 0
Lauren Jhanis Chavarría Colque
BOL
4
1 4228 21
1 2009 0
1 6943 21
1 8579 0
Mayra Fernández Palma
BOL
0
Alejandra Susana Saavedra Zamora
BOL
1
1 5401 21
Emina Hasanbegović
BIH
12
1 3119 21
1 2522 30
1 2317 0
1 1111 0
1 538 0
1 4873 0
1 5904 0
1 7798 0
2 9716 0
2 9956 0
2 10467 0
2 10786 0
Ana Puhalo
BIH
6
1 3466 51
1 3319 30
1 3247 21
1 3176 0
1 3025 30
1 7557 30
Farah Demirović
BIH
7
2 3472 74
2 3253 74
2 2358 12
1 752 100
2 4956 74
2 9098 72
2 9530 72
Ines Jozić
BIH
8
1 4383 0
1 4040 0
1 3726 0
1 3410 0
1 5531 30
1 5636 30
1 5861 0
1 5931 51
Luana Amorim Lima
BRA
39
2 2526 0
2 2124 16
2 1849 17
2 1823 0
2 1782 0
2 1753 0
2 965 17
2 883 0
1 462 100
2 5940 0
2 6237 0
2 6448 20
2 7331 22
2 7361 19
2 7421 17
2 7453 15
2 7484 19
2 7541 0
2 7570 20
2 7617 25
2 7659 16
2 8278 19
2 8640 11
2 8678 25
2 8704 20
2 8723 22
2 8743 16
2 8844 19
2 8928 0
2 8968 25
2 9009 0
2 8990 11
2 10043 63
2 10235 50
2 10539 0
2 10562 0
2 10629 0
2 10678 0
2 10748 0
Anita Ramos Almeida
BRA
8
2 4656 0
1 3121 100
2 4772 0
2 4944 17
2 5164 17
2 8653 19
2 9172 73
2 10626 19
Endy Lumy Okamura Miyashita
BRA
6
2 4647 17
1 2609 100
2 8066 71
2 8298 71
2 9638 73
2 10797 74
Estela Baron Nakamura
BRA
30
1 3005 100
1 2169 30
1 2095 30
1 1626 21
1 948 21
1 6175 100
2 8715 73
2 9160 72
2 9183 72
2 9207 69
2 9366 72
2 9358 69
2 9426 66
2 9453 73
2 9472 67
2 9490 75
2 9497 71
2 9525 70
2 9518 74
2 9534 73
2 9553 63
2 9720 69
2 9987 69
2 10190 67
2 10374 67
2 10357 68
2 10339 72
2 10284 73
2 10276 68
2 10264 64
Yasmin Behich Erdim
BGR
19
2 4394 17
2 4063 17
2 3991 35
2 3800 0
2 3366 0
2 3118 0
2 1481 17
1 790 100
2 5252 35
2 5589 35
2 7515 24
2 7571 21
2 9082 12
2 9027 21
2 9133 17
2 9175 18
2 9197 21
2 10637 0
2 10744 0
Nora Ognyanova Paskaleva
BGR
40
2 4373 15
2 4342 26
2 4294 19
2 4274 17
2 4220 28
2 4192 18
2 3759 24
2 3731 24
2 2921 26
2 2907 0
2 2849 0
2 2698 17
1 1668 100
1 5409 30
1 5341 0
1 5304 0
1 5675 21
1 5768 51
2 7162 12
2 7232 20
2 7214 23
2 7199 17
2 7178 22
2 7921 0
2 8170 71
2 8129 72
2 8195 70
2 8801 67
2 8817 68
2 9134 77
2 9193 75
2 9210 76
2 9271 74
2 9986 73
1 10092 0
1 10141 30
2 10313 76
2 10543 0
2 10634 0
2 10741 0
Emiliana Ivanova Dimitrova
BGR
70
2 3480 18
2 2842 19
2 2781 19
2 2530 17
2 2494 15
2 2450 16
2 2396 14
2 2376 24
2 2269 19
2 2244 24
2 2227 18
2 2197 17
2 2169 17
2 2116 15
2 2085 24
2 1685 0
1 828 100
1 682 21
1 533 21
2 5446 12
2 5935 24
2 6050 18
2 6030 15
2 6005 17
2 6088 22
2 6114 23
2 6143 26
2 6174 19
2 6196 20
2 6335 18
2 6367 19
2 6356 17
2 6828 66
2 6884 74
2 6993 67
2 7018 66
2 7037 67
2 7055 74
2 7078 65
2 7110 70
2 7136 68
2 7159 70
2 7284 65
2 7263 69
2 7237 73
2 7211 71
2 7182 71
2 7353 74
2 7414 73
2 7475 69
2 7566 69
2 7638 70
2 7773 74
2 8193 0
2 8240 72
2 8510 73
2 8493 63
2 8461 69
2 8417 73
2 8391 71
2 8552 70
2 8575 69
2 9345 69
2 9769 0
2 9751 18
2 9731 5
2 9622 0
2 9827 0
2 9847 18
2 10595 72
Nermin Hyusmen Idiriz
BGR
13
2 4608 73
2 4386 73
2 1864 17
1 748 100
1 671 21
2 6995 0
2 8583 0
2 8791 65
2 8863 73
2 9526 73
2 9751 0
2 9856 68
2 10354 73
Iva Tadić
HRV
8
1 824 100
2 5971 17
2 7267 16
2 7299 16
2 8040 73
2 8295 72
2 8469 73
2 8401 72
Lara Semeš
HRV
42
2 4375 21
2 4347 16
2 4266 21
2 4184 0
2 3884 0
2 3764 22
2 2829 0
2 2650 36
2 2549 36
1 970 100
2 4734 0
2 4839 20
2 4952 0
2 5059 50
2 5098 49
2 5126 54
2 5148 56
2 5182 49
2 5776 0
2 5867 27
2 5921 56
2 6148 57
2 6619 0
2 6705 0
2 6847 39
2 7648 31
2 7754 51
2 8071 51
2 8567 0
2 8606 78
2 8777 0
2 8812 0
2 9012 78
2 9290 57
2 9785 0
2 9886 76
2 9961 76
2 10152 78
2 10323 0
2 10303 0
2 10245 78
2 10749 0
Maša Dobrić
HRV
6
2 4658 49
2 3699 73
1 2228 100
1 2100 0
2 5966 72
2 7260 72
Lana Škarica
HRV
8
2 4718 0
2 2856 0
1 970 100
2 4847 0
2 4987 17
2 6849 15
2 7128 12
2 8069 73
Zuzana Aubrechtová
CZE
8
2 3504 17
1 2261 21
2 4899 73
2 6116 0
2 8021 23
1 9258 100
2 9379 73
2 10246 68
Lucie Roskovská
CZE
4
2 4392 25
2 2710 0
1 718 100
2 5131 25
Anh Linh Tran
CZE
9
1 2461 100
2 6048 0
2 6397 0
2 8749 0
2 10041 19
2 10241 16
2 10415 20
2 10551 14
2 10611 20
Svatava Šimečková
CZE
14
2 2329 17
1 1621 100
1 4970 0
2 5015 73
2 5858 64
2 6582 31
2 6814 68
2 7066 68
2 7048 68
2 8055 17
2 9640 0
2 9990 0
2 10374 0
2 10755 0
Julie Lagoni
DNK
18
2 3913 73
2 3882 69
1 3309 21
1 3230 0
2 2088 0
2 1726 73
2 1271 17
1 934 21
1 827 0
1 6917 21
1 7803 0
1 8399 0
1 8542 21
1 8617 100
2 8998 67
2 9743 0
2 9924 0
2 10113 36
Rakel Sophia Hermann
DNK
4
2 4717 0
1 1709 30
2 5887 27
2 6568 0
Sara Bettio
DNK
2
1 2567 100
2 6163 17
Leonora Thøgersen
DNK
5
1 1837 21
2 6936 17
1 9970 0
1 10049 0
1 10082 21
Gabriela Padilla Salgado
ECU
7
2 9746 0
1 8183 100
2 7630 0
1 6423 21
1 3955 21
1 3765 0
1 3538 0
Melany Zavala Toapanta
ECU
0
Shekina Chango Franco
ECU
0
Dayana Chiluisa Flores
ECU
2
1 10741 0
1 9525 0
Shahd Mohamed Abdalla
EGY
13
2 4648 0
2 4292 0
2 3237 0
2 3005 0
2 2674 0
1 672 100
2 5630 0
2 7012 0
2 8272 0
2 8323 0
2 9947 0
2 10196 0
2 10566 0
Zena Hossam Abd El-Aty
EGY
25
2 3862 30
2 3696 0
2 2928 23
2 2853 0
2 2571 0
2 2527 0
2 2419 0
2 2038 17
1 1192 100
1 1005 0
1 941 0
2 6248 0
2 6311 0
2 6486 0
2 6599 0
2 6973 0
2 6988 0
2 7578 0
2 9698 0
2 9917 0
2 9982 0
2 10033 0
2 10114 0
2 10294 23
2 10265 0
Sondos Waleed Elshopaky
EGY
27
1 2183 100
1 2022 21
1 1928 21
1 1779 21
1 1690 21
1 1586 0
1 1563 0
1 1327 0
1 1205 0
2 6131 0
2 7883 22
2 8165 22
2 8291 16
2 8345 18
2 8507 18
2 8482 22
2 8463 19
2 8444 19
2 8418 25
2 8386 17
2 8533 20
2 8549 20
2 8569 22
2 8609 16
2 8637 12
2 8703 18
2 10745 18
Yara Osama Hassan
EGY
7
1 1945 100
1 1563 21
2 6254 0
2 6418 17
2 8298 0
2 8374 17
2 8425 13
Agnes Tennisberg
EST
2
1 1330 21
2 6789 17
Annika Märtin
EST
7
1 3004 0
1 2937 0
1 2814 0
1 5908 0
1 8133 0
1 8209 0
1 8316 0
Aino Aulanko
FIN
3
1 3398 100
1 2018 21
1 1892 0
Emma Suomalainen
FIN
16
2 4515 97
2 3899 86
1 783 100
2 4992 0
2 5050 95
2 5091 95
2 5353 97
2 5872 97
2 6527 97
2 6518 97
2 6635 97
2 7160 97
2 7375 0
2 7481 0
2 7646 0
2 9599 97
Minea Tiitinen
FIN
3
1 6013 0
1 6355 100
2 10570 73
Alizée Marquardt
FRA
7
2 4316 37
2 4296 37
1 1055 100
2 5511 34
2 6015 35
2 9211 0
2 9602 81
Clémence Chitry
FRA
12
2 4714 0
2 3356 26
2 3288 26
2 3040 17
2 3012 0
1 2034 100
1 1476 21
1 1408 0
1 1214 21
1 596 21
2 6286 66
2 7266 65
Clémence Pham
FRA
5
1 885 100
2 7212 73
2 9244 0
2 10340 73
2 10250 0
Inès Fishler
FRA
5
1 1924 100
1 1613 30
2 5125 0
2 5899 0
2 6327 71
Ketevan Tsimakuridze
GEO
16
2 3794 0
2 2731 0
2 2598 0
2 2305 0
2 2122 0
2 1994 0
1 320 100
2 5254 23
2 5463 0
2 5496 17
2 6090 0
2 6139 43
2 6260 37
2 6414 0
2 6465 44
2 6504 38
Teo Kakabadze
GEO
7
1 4136 100
1 2891 100
2 6770 0
2 6907 17
2 6955 17
2 9476 21
2 9544 24
Nino Chkhaidze
GEO
12
1 4525 100
2 4286 19
2 4196 17
2 4158 0
2 3899 19
2 3857 0
2 3805 0
2 3690 19
2 3640 19
2 3065 17
1 2964 0
1 646 100
Gvantsa Khvedelidze
GEO
27
2 4676 0
2 4353 17
1 620 100
2 4867 0
2 4906 0
2 6329 72
2 6655 75
2 6606 0
2 6718 0
2 6765 0
2 7013 0
2 7260 0
2 7212 0
2 7486 47
2 7635 73
2 7673 73
2 7750 73
2 7817 73
2 7787 73
2 8209 75
2 8251 73
2 9589 79
2 9629 63
2 10457 76
2 10516 70
2 10557 76
2 10791 79
Anna Polensky
DEU
17
2 4459 67
2 4114 26
2 4013 0
2 3952 17
1 3525 100
1 2687 21
1 2211 21
1 2121 21
1 1578 21
2 4878 0
2 4986 73
2 8499 0
2 8863 0
2 9172 68
2 9322 68
2 9463 69
2 9837 68
Michelle Engel
DEU
15
2 3872 73
2 2363 0
2 2242 0
1 1190 100
2 6709 0
2 6888 0
2 6970 0
2 7086 0
2 9058 71
2 9156 73
2 9957 82
2 10441 73
2 10518 73
2 10583 0
2 10624 68
Daphne Carmesin
DEU
34
2 4405 26
2 4344 0
2 4306 0
2 4273 0
2 4233 0
2 4196 0
2 4085 0
2 4043 26
2 4005 26
2 3351 26
2 3309 22
2 3144 22
2 3068 23
2 3032 0
2 2970 21
2 2796 22
2 2749 21
2 2204 26
2 2147 17
2 2033 0
1 1355 100
1 1270 0
1 1105 0
2 5632 0
2 5847 0
2 5883 0
2 5956 16
2 6977 0
2 7161 73
2 7950 60
2 8041 67
2 9403 68
2 9479 0
2 9575 64
Zhuoyu Du
DEU
8
1 1848 100
1 1672 21
1 974 0
2 5642 0
2 5715 17
2 6011 26
2 7106 0
2 7596 73
Sarra Angeliki
GRC
10
1 4120 0
1 3424 0
1 5392 0
1 6615 0
1 7690 0
1 8326 0
1 8667 0
1 9233 0
1 9257 0
1 9592 100
Karali Eleni
GRC
15
2 4593 0
2 4425 0
2 4142 0
2 3938 0
1 1296 100
1 1237 0
1 1084 0
1 866 0
2 6762 0
2 7472 0
2 7872 28
2 8329 0
2 8666 28
2 9441 26
2 9532 28
Tsiopoulou Maria Eleni
GRC
9
1 965 100
1 920 0
2 5600 22
2 6537 0
2 6593 22
2 6710 0
2 7428 17
2 7592 24
2 7664 15
Csilla Fülöp
HUN
14
2 3994 0
2 3540 0
2 3126 0
2 1267 17
1 678 100
1 525 0
2 5581 0
2 5783 0
1 6398 0
1 6433 0
2 9103 29
2 9069 29
2 10606 73
2 10724 0
Boglárka Nagy
HUN
9
1 1253 100
1 1058 0
1 670 21
2 5578 0
2 6621 0
2 7132 15
2 9106 0
2 9283 0
2 10052 71
Korina Nagy
HUN
11
2 4654 0
2 3875 0
2 2846 17
2 2764 17
1 2094 100
2 5533 26
2 5696 26
1 6734 0
1 6805 30
1 6978 51
2 10296 73
Zsófia Keresztély
HUN
26
2 4452 32
2 4048 0
2 3727 0
2 1897 17
2 1866 17
1 832 100
2 6120 49
2 6141 49
2 6158 49
2 6229 32
2 6500 46
2 6871 50
2 8687 38
2 8790 38
2 9233 54
2 9278 50
2 9373 47
2 9545 53
2 10338 0
2 10465 54
2 10606 49
2 10649 51
2 10676 54
2 10708 58
2 10759 50
2 10797 44
Eva Natalía Elvarsdóttir
ISL
7
1 928 21
2 6820 17
1 8311 30
1 8510 30
1 8871 0
1 8942 21
1 8988 51
Eva Sóllilja Einarsdóttir
ISL
17
1 4183 30
1 2043 21
1 2004 0
1 1313 0
1 1231 0
1 4730 30
1 4831 51
2 5647 0
2 6443 0
2 6458 17
2 7349 19
2 8063 73
2 8213 73
2 8936 0
2 8917 0
2 9029 79
2 9005 79
Sólbjört Tinna Cornette
ISL
0
Frigg Einarsdóttir
ISL
17
1 4532 0
1 4488 0
1 4066 0
1 4021 0
1 3966 0
1 3914 0
1 3852 0
1 3777 0
1 2896 0
1 2859 0
1 2735 0
1 2661 0
1 5045 0
1 5100 21
1 5430 0
1 5620 0
1 7710 51
Anusha Gupta
IND
6
2 3941 22
2 2386 0
2 2283 0
1 1480 100
1 1368 0
2 6887 29
Megha Hegde
IND
1
1 879 100
Neha Singirikonda
IND
11
1 1221 100
2 8746 0
2 8845 0
2 10463 14
2 10503 6
2 10575 21
2 10613 6
2 10656 0
2 10728 0
2 10754 16
2 10775 21
Neha Sane
IND
5
2 1791 17
1 1207 100
1 828 0
2 5372 0
2 5313 0
Ayushi Mahajan
IRL
12
2 3152 72
2 3013 72
2 2995 72
2 2669 66
2 2304 73
2 1817 24
2 1550 17
1 951 100
2 6825 74
2 7367 74
2 8149 68
1 8113 0
Mayan Salomon
ISR
6
1 1610 100
1 715 30
2 6869 17
2 6988 0
2 7735 13
2 8650 18
Yael Ginzburg
ISR
17
2 4368 73
2 3990 22
2 3056 17
1 2131 0
1 2063 30
1 1994 30
1 1880 0
1 1834 0
1 1680 21
1 1643 0
1 1544 100
2 4790 0
2 5279 0
2 5421 68
2 6447 12
2 9453 61
2 9925 67
Lia Geva Brodt
ISR
5
1 2342 100
2 5919 17
2 6850 73
2 10384 0
2 10642 0
Noa Ben Israel
ISR
21
2 4709 26
2 4693 26
2 4652 17
2 4597 17
2 4562 17
2 4209 0
1 1909 30
1 1776 21
1 1707 0
1 1096 0
1 942 0
1 5553 0
1 5795 100
1 6270 0
1 6346 30
2 8973 0
1 10378 0
1 10424 0
1 10506 51
2 10756 17
2 10778 26
Noemi Gambirasio
ITA
7
2 4474 0
2 4139 0
1 1378 100
2 5342 17
2 6475 53
2 9118 35
2 9147 35
Serena Federici
ITA
3
2 3894 0
1 632 100
2 6796 0
Lavinia Tornaghi
ITA
67
1 4508 0
1 4235 0
2 4142 19
2 3861 15
2 3840 15
2 3823 17
2 3797 21
2 3657 17
2 3477 0
2 3325 0
1 1586 30
1 1310 0
1 1185 0
1 4730 0
1 4897 0
2 4962 15
2 4996 45
2 5020 32
2 5048 33
2 5091 29
1 5258 100
2 5423 27
2 5458 37
2 5489 35
2 5573 47
2 5597 47
2 5613 47
2 5767 43
2 5791 43
2 5817 50
2 5863 44
2 6028 44
2 6070 43
2 6107 50
2 6160 50
2 6194 47
2 6264 54
2 6336 53
2 6400 58
2 7283 52
2 7265 52
2 7243 54
2 7311 50
2 7329 27
2 7348 47
2 7372 58
2 7986 0
2 8084 0
2 8569 44
2 8592 58
2 8628 58
2 8651 58
2 8683 58
2 8722 58
2 8752 58
2 8786 58
2 8812 58
2 8837 58
2 8864 0
2 8898 58
2 8964 0
2 9086 58
2 9024 58
2 8984 58
2 9148 58
2 9223 58
2 9470 58
Sofia Maragò
ITA
33
2 3650 62
2 3464 60
2 3385 0
2 3069 50
2 3031 50
1 671 100
2 5159 30
2 5953 0
2 6146 0
2 6805 54
2 7049 67
2 7292 75
2 7246 85
2 7205 79
2 7170 78
2 7323 78
2 7352 86
2 7390 78
2 7419 83
2 7447 84
2 7474 81
2 7494 81
2 7524 0
2 9358 86
2 9426 0
2 9877 0
2 9941 0
2 10114 0
2 10154 0
2 10400 74
2 10434 75
2 10471 81
2 10517 0
Iroha Maple Heffernan
JPN
37
2 3348 70
2 3308 73
2 3277 72
2 3254 74
2 3174 74
2 2769 74
2 2681 74
2 2614 77
2 2561 74
2 2495 74
2 2352 72
2 2312 77
2 1970 21
2 1941 15
2 1918 23
2 1892 20
2 1680 17
2 1074 0
1 754 0
1 709 0
1 638 0
1 589 0
1 538 100
2 6908 0
2 7038 0
2 7171 30
2 7330 30
2 8215 30
1 8628 0
1 9740 30
1 9695 0
1 9987 0
1 10241 0
2 10468 76
2 10626 78
2 10669 77
2 10707 71
Hanako Oda
JPN
17
2 4498 17
2 4467 17
2 4450 17
1 3438 21
2 3301 17
1 1850 100
1 1809 100
2 5000 0
1 5041 0
1 5154 0
1 5206 0
2 7136 0
1 9246 0
2 9271 24
2 10610 24
2 10719 24
2 10797 19
Zhanfan Shen
JPN
8
2 3474 35
1 534 100
2 5786 48
2 6038 48
2 6877 52
2 7371 17
2 7955 49
2 8063 57
Akari Fujii
JPN
9
2 4150 73
2 3315 73
2 2969 23
2 2691 17
1 1292 100
1 959 21
2 6128 0
2 7292 73
2 7473 70
Amina Sagaitova
KAZ
17
1 2545 100
1 840 21
2 4830 17
2 4910 26
2 5696 24
2 5839 24
2 6429 26
2 6474 0
2 6618 22
2 6868 18
2 7059 16
2 7709 0
2 7754 0
2 7847 0
2 9025 0
2 9290 0
2 9633 22
Dayana Iskhakova
KAZ
9
2 3828 17
2 3625 17
1 2355 100
1 731 21
2 7957 73
2 9069 0
2 9670 0
2 9859 50
2 10690 64
Yasmin Aipanova
KAZ
14
2 3380 17
2 3272 0
2 3035 0
2 2787 0
1 1587 100
1 1217 21
1 1073 21
2 9971 26
2 10029 20
2 10105 25
2 10151 23
2 10319 20
2 10436 18
2 10521 23
Assemay Bakhytzhan
KAZ
11
1 3347 21
1 2861 51
1 1931 51
1 1789 21
1 1732 0
1 1689 0
1 827 21
1 795 0
2 5966 17
1 6684 51
1 9934 100
Akmaral Surakhmatova
KGZ
8
1 3822 0
1 3313 0
1 2962 0
1 1146 21
1 7080 0
1 7102 100
2 9636 17
2 10213 73
Zarina Zhobonova
KGZ
6
1 3565 0
1 1805 0
1 4930 30
1 5004 30
1 5457 21
1 5512 100
Aiperi Shabdanalieva
KGZ
8
1 1891 30
1 7061 21
1 7831 100
2 8337 17
2 8987 73
2 10306 0
2 10213 0
2 10697 0
Aiperi Akzholtoeva
KGZ
12
2 4603 0
2 2938 17
2 2329 0
2 1954 0
1 1427 100
1 1097 0
1 1009 0
2 5112 0
2 5360 0
2 6216 73
2 8927 49
2 10058 68
Juta Adomaitytė
LTU
13
2 3852 0
2 3757 0
2 3640 0
1 1338 100
2 7705 17
2 7734 17
2 9838 0
2 10020 0
2 10062 0
2 10476 0
2 10503 17
2 10558 0
2 10600 17
Aistė Savickaitė
LTU
26
2 4650 76
2 3784 17
2 3571 0
1 403 100
2 4749 63
2 4802 0
2 4895 0
2 4975 0
2 5045 79
2 5096 0
2 5190 73
2 5232 64
2 5406 0
2 5306 74
2 6302 0
2 6342 0
2 6405 0
2 6552 0
2 7321 79
2 7567 0
2 7637 0
2 7664 0
2 7907 70
2 7983 70
2 8043 66
2 9417 66
Austėja Bolytė
LTU
9
2 3164 17
2 3112 0
2 2883 14
2 1511 17
1 1115 100
2 6808 0
2 9856 0
2 10347 0
2 10469 0
Sima Miliūnaitė
LTU
6
1 4541 21
2 5471 0
1 5505 21
1 5691 21
1 6099 21
1 6561 21
Kateryna Oseledets
LUX
6
1 5536 21
2 8320 0
2 8338 0
2 8435 0
2 8409 0
2 9748 0
Sophia Bumšteinaité
LUX
11
1 3734 0
1 2940 0
1 2676 0
1 2473 0
1 2223 0
1 5026 0
2 8111 17
2 8191 17
1 9656 21
1 10172 21
1 10470 21
Laura Shaw Barragan
LUX
8
1 3152 51
1 1540 30
1 596 21
1 5030 0
2 5077 17
2 5171 17
2 5198 17
1 10241 51
Tereza Bílková
LUX
3
1 3684 30
1 1931 0
1 7064 51
Sofija Velkovska
MKD
24
2 4554 30
2 3995 0
2 3546 0
1 2513 100
2 1401 0
2 847 17
2 719 17
2 498 0
2 5242 0
2 5648 78
2 6691 0
2 6976 0
2 6950 0
2 8296 0
2 8696 0
2 8748 78
2 9235 0
2 9394 0
2 9506 0
2 9676 0
2 9597 0
2 9927 0
2 10144 0
2 10578 0
Atina Ruvinova
MKD
0
Sara Stefanovska
MKD
0
Jovana Trifunoska
MKD
0
Natalia Malpica Blackaller
MEX
8
1 3611 100
1 2099 0
1 1986 0
1 1389 21
1 1273 21
1 1253 0
1 1180 21
2 6604 22
Cynthia Naely Lopez Estrada
MEX
43
2 4562 0
2 3731 14
2 3643 25
2 3625 22
2 3609 21
2 3593 20
2 3578 20
2 3562 20
2 3546 25
2 3531 24
2 3505 22
2 3487 17
2 3467 17
2 3448 18
2 3424 10
1 3091 30
1 2859 21
2 2031 0
2 1870 18
2 1845 18
2 1787 18
2 1559 0
1 913 100
1 686 100
2 5406 17
2 5323 13
2 5754 25
2 7892 23
2 7878 22
2 7861 23
2 7846 14
2 7829 17
2 7812 18
2 7792 20
2 7942 23
2 8203 20
2 8232 16
2 8226 23
2 8218 17
2 8254 21
2 8248 24
2 8239 19
2 8316 19
Romina Nájera Fuentes
MEX
11
2 4502 25
2 4423 26
2 4331 22
2 4270 17
2 4226 22
2 3897 17
2 3228 0
1 612 100
2 5380 17
2 7205 74
2 7613 73
Alondra Valdivia Sánchez
MEX
6
2 3231 17
1 2371 100
1 951 21
2 4934 0
2 9129 73
2 10320 0
Nomu-Luun Olonbayar
MNG
9
2 4644 17
2 4497 17
1 2607 0
1 2258 21
1 2008 0
1 1834 0
1 1679 0
1 925 0
1 6916 0
Amin-Erdene Munkhbayar
MNG
10
2 3608 17
2 3525 0
2 3300 17
2 2911 0
2 2746 0
1 1543 100
1 814 0
2 6176 0
2 6249 0
2 7396 0
Aminjin Battulga
MNG
3
1 2298 0
1 5079 30
1 5457 100
Suvd Munkhbat
MNG
13
1 3359 51
1 2957 30
1 2929 0
1 2811 0
1 2312 21
1 1575 0
1 6184 51
2 6661 0
2 6767 22
2 6791 22
2 9289 22
2 9846 29
2 10027 22
Aniek Goeree
NLD
11
2 4684 19
2 4127 0
2 3955 18
2 3866 24
2 3830 0
2 3346 26
1 2847 100
2 1190 17
1 637 21
1 520 0
2 4791 18
Iris Samtleben
NLD
4
2 4523 17
1 3245 21
1 8277 30
1 8597 100
Karina Kovalska
NLD
6
2 4689 0
2 4494 0
1 3473 100
2 6160 17
2 7186 73
2 9490 60
Lenka Huang
NLD
16
1 4634 21
1 2883 0
2 2783 17
2 2453 0
1 1843 0
1 1742 0
1 1611 30
1 1166 0
1 1105 0
1 418 0
1 4731 0
1 4835 0
1 5387 0
1 5508 51
1 9453 0
1 10796 0
Shanying Liu
NZL
2
2 9974 17
1 4567 100
Ena Yina Yin
NZL
16
2 10779 20
2 10733 18
2 10686 16
2 10641 2
2 10592 18
2 10525 14
2 10426 0
2 9807 19
2 9568 20
2 9368 25
2 7540 17
2 5685 17
2 2409 0
2 1384 0
2 1066 0
1 540 100
Belle Yinuo Yin
NZL
6
2 8783 22
2 5144 22
2 4228 22
2 3942 0
2 1236 17
1 541 100
Phoebe Zhang
NZL
26
2 9408 98
2 9131 98
2 6319 98
2 5406 98
2 5377 98
2 5138 88
1 3537 0
1 3506 0
1 3433 0
1 3385 0
1 3330 0
1 3294 0
1 3260 0
1 3188 0
1 3150 0
1 3113 0
1 3029 0
1 2397 0
1 2366 0
1 2331 0
2 2300 0
2 2222 0
2 2164 0
1 1827 0
2 1268 35
1 626 100
Tea Volle
NOR
15
1 4467 0
1 4004 0
1 776 21
2 5603 0
1 6067 0
1 6420 30
1 7048 51
1 8157 51
2 9003 17
2 9772 0
2 9704 0
2 10263 0
2 10238 0
2 10452 0
2 10608 23
Mina Heier
NOR
22
1 735 100
2 5077 17
2 7066 0
2 7587 60
2 7626 63
2 7660 41
2 7692 54
2 7746 60
2 7765 52
2 9318 0
2 9422 0
2 9507 0
2 9586 59
2 9675 51
2 9641 0
2 9619 62
2 10083 0
2 10160 0
2 10368 0
2 10256 65
2 10393 65
2 10506 65
Tuva Kjøbli
NOR
7
1 4698 30
1 1278 21
1 6161 0
1 6464 51
2 8004 0
2 8114 17
2 8213 17
Maryam Idowu
NOR
22
1 2343 100
1 2144 30
1 2085 0
2 5593 0
2 5713 0
2 5963 0
2 6067 0
2 6130 0
2 6293 0
2 6552 0
2 6649 0
2 6798 22
2 7167 17
2 7255 14
2 7511 0
2 7570 21
2 7646 0
2 7715 0
2 7880 0
2 7962 0
2 8003 17
2 8114 22
Maria Cichosz
POL
13
2 3884 17
2 3762 17
1 795 100
2 5602 31
2 6659 31
2 6625 31
2 6767 0
2 6836 0
1 6914 0
1 7000 0
1 7058 0
1 7303 100
1 7377 0
Sylwia Sapkowska
POL
36
2 4482 55
2 4454 51
2 4423 57
2 4392 54
2 4179 46
2 3690 52
2 3664 51
2 3632 54
2 3376 48
2 3307 53
2 3252 46
2 3134 53
2 3102 52
2 3073 56
2 2408 49
2 2374 54
2 2332 58
2 2272 55
2 2240 48
2 2181 53
2 2149 53
2 1865 50
2 1827 57
2 1800 57
1 167 100
2 6098 58
2 6126 52
2 6152 58
2 6182 58
2 6294 50
2 6722 56
2 6750 54
2 6769 50
2 6911 55
2 6932 54
2 7058 53
Zofia Krok
POL
36
2 3505 72
2 3281 73
2 3171 0
1 2580 100
2 5902 0
2 6011 0
2 7901 61
2 7954 72
2 7935 44
2 7991 71
2 7980 73
2 8009 71
2 8022 68
2 8173 66
2 8135 65
2 8070 63
2 8493 0
2 8426 0
2 8629 0
2 8671 0
2 8716 0
2 8781 0
2 8874 73
2 8933 0
2 9067 0
2 9153 61
2 9185 62
2 9234 66
2 9279 69
2 9314 67
2 10452 37
2 10546 15
2 10660 79
2 10694 77
2 10744 74
2 10777 79
Paulina Żeleźnik
POL
10
2 4605 22
2 4414 0
2 4143 0
2 3878 25
2 3496 0
2 2859 0
1 482 100
2 4748 0
2 4804 0
2 4868 24
Anastasia Corsac
MDA
2
1 1853 51
1 1008 30
Iulia Slănină
ROU
1
1 591 100
Teodora-Maria Şerban
ROU
2
1 807 100
1 696 0
Ana-Valeria Duguleanu
ROU
1
1 524 100
Karina-Andreea Dumitrescu
ROU
1
1 999 100
Juri Ibrahim Qassam Aljohani
SAU
12
2 4690 0
2 1888 0
2 1756 0
2 1724 0
2 1673 0
2 1409 0
2 1201 0
1 837 100
2 5593 0
2 8965 17
2 10397 17
2 10477 0
Uzouf Hassan Alawi Baagil
SAU
7
2 4720 0
2 4297 73
2 2250 17
1 1489 100
2 5262 0
2 6763 0
2 6831 79
Rifal Khalid Hassan Alhazmi
SAU
4
1 2142 0
1 2096 100
2 6952 13
2 8396 73
Leen Majed Ali Qanash
SAU
4
2 1328 22
2 876 17
1 598 100
2 7047 0
Anja Dožić
SRB
23
1 598 100
2 4783 22
2 5138 0
2 5262 27
2 5640 24
2 5733 0
2 5781 19
2 6048 18
2 6131 27
2 6425 21
2 7455 0
2 7501 0
2 7830 73
2 7808 68
2 7783 0
2 8182 0
2 8417 60
2 9412 0
2 9565 0
2 9611 73
2 10353 0
2 10286 0
2 10430 67
Sofija Čebašek
SRB
54
2 4569 19
2 4468 21
2 4110 0
2 3635 0
2 3375 0
2 2954 0
2 2676 0
2 2646 0
2 2552 0
2 2514 0
2 2456 0
2 2400 0
2 2322 0
2 2082 0
2 2038 0
2 1780 0
2 1012 0
1 509 100
2 5104 21
2 5550 4
2 5790 0
2 5852 10
2 6053 13
2 6077 18
2 6102 17
2 6128 14
2 6189 21
2 6744 17
2 6831 73
2 7003 73
2 7045 0
2 7064 0
2 7105 0
2 7198 0
2 7350 0
2 7881 79
2 7803 73
2 8171 79
2 8117 0
2 8276 79
2 8306 71
2 8468 71
2 8685 71
2 9042 0
2 9003 71
2 9318 71
2 9737 71
2 9821 79
2 9904 0
2 9972 71
2 10020 71
2 10202 79
2 10738 71
2 10767 79
Anđela Nestorović
SRB
16
1 4423 30
1 4024 30
1 3175 21
1 3089 0
1 3009 0
1 2561 0
1 2278 0
1 4917 21
2 7156 0
2 7490 17
1 7977 30
1 9475 0
1 9947 100
2 10336 0
2 10578 0
2 10798 73
Iva Živković
SRB
31
2 859 17
1 367 100
2 6769 18
2 7955 23
2 8116 17
2 8184 22
2 8210 20
2 8259 19
2 8282 18
2 8338 29
2 8364 23
2 8635 18
2 8617 23
2 8650 22
2 8665 19
2 8681 14
2 8697 24
2 8734 22
2 9097 23
2 9080 25
2 9137 15
2 10089 29
2 10104 16
2 10120 25
2 10152 16
2 10136 20
2 10171 15
2 10188 14
2 10275 22
2 10234 17
2 10219 15
Shen Zihan
SGP
39
2 4176 34
2 4149 38
2 4122 0
2 4067 45
2 4039 32
2 4021 37
2 3920 0
2 3193 0
2 3111 0
1 2816 0
1 2765 100
1 2735 0
1 2649 100
1 2587 100
1 2504 0
1 2439 100
1 2358 100
1 2309 0
1 2282 100
1 2107 0
1 2034 100
2 1839 32
1 854 100
2 4749 40
2 4837 0
2 5892 0
1 6047 100
1 6087 100
1 6135 100
1 6164 0
1 6219 100
2 6640 0
2 6762 0
2 7225 87
2 7375 30
2 7400 40
2 9814 94
2 9973 95
2 10274 100
Jamie Lim Jia Sin
SGP
97
2 4724 37
2 4691 43
2 4615 31
2 4306 34
2 4083 45
2 4008 0
2 3947 18
2 3887 18
2 3868 32
2 3847 28
2 3775 0
1 3754 0
2 3744 0
1 3554 0
2 3526 0
1 3495 0
1 3472 0
1 3440 0
2 3299 0
1 3201 0
2 3182 0
1 3140 0
1 2921 0
2 2847 0
1 2735 0
1 2711 0
1 2686 0
2 2510 0
1 2359 0
1 2321 0
2 2280 0
1 2271 0
1 2154 0
1 2105 0
2 2081 0
1 2042 0
1 2018 0
2 1998 0
1 1474 0
1 1439 0
1 1409 0
1 1080 100
1 1014 0
1 963 100
1 917 30
1 832 30
1 794 0
1 753 21
1 4794 0
1 4764 0
1 5114 0
1 5154 0
1 5195 0
1 5234 0
1 5265 0
1 5361 0
1 5297 0
1 5458 0
1 5500 0
1 5763 0
1 5819 0
1 5934 0
1 6189 0
1 6213 0
1 6251 0
1 6277 0
1 6309 0
1 6563 0
2 6839 0
2 6904 0
2 7087 0
2 7151 45
2 8452 32
2 8594 49
2 8638 34
2 8657 52
2 8690 58
2 8723 48
2 8761 0
2 9016 48
2 9262 40
2 9334 0
2 9863 0
2 9911 49
2 9947 43
2 9976 49
2 10002 50
2 10026 54
2 10053 51
2 10094 58
2 10120 55
2 10182 53
2 10330 58
2 10499 0
2 10530 4
2 10737 0
2 10753 0
Zhu Wenxin
SGP
17
2 4200 91
2 4176 91
2 4158 91
2 3870 0
1 951 30
1 913 100
1 885 100
1 866 0
2 5176 0
2 5872 0
1 5943 0
1 6008 0
1 5977 0
1 6067 0
1 6084 0
1 6103 0
1 6166 0
Aanya Kaur Agrawal
SGP
2
2 3536 0
1 2098 100
Alica Dományová
SVK
7
2 1738 17
1 843 100
2 6038 0
2 6158 0
2 7763 0
1 10189 0
2 10255 32
Eliška Macáková
SVK
8
2 3920 64
2 3663 79
2 2644 73
2 2324 74
2 1692 73
2 1354 0
2 1110 0
1 255 100
Šárka Macáková
SVK
11
1 4783 21
2 5806 0
2 5855 0
2 5913 0
2 6031 0
2 6091 0
2 6281 0
2 6434 0
2 6668 17
1 8578 100
2 10207 23
Hana Kalábová
SVK
7
1 4298 100
1 4041 21
1 3751 21
2 3537 73
1 1089 21
2 10307 68
2 10411 73
Lara Stamać
SVN
30
2 4266 0
2 3768 0
1 1667 100
2 5214 0
2 5904 0
2 6175 0
2 6494 0
2 6690 17
2 6769 13
2 6819 13
2 6860 23
2 7467 21
2 7510 17
2 8152 0
2 8383 0
2 8584 0
2 8858 0
2 9000 26
2 9140 21
2 9260 17
2 9526 0
2 9585 0
2 9810 0
2 10093 0
2 10152 22
2 10320 20
2 10254 15
2 10220 22
2 10704 20
2 10778 19
Špela Gačnik
SVN
3
1 2639 100
2 4850 17
2 8428 0
Helena Folia Cots
ESP
26
1 2029 100
1 1176 21
1 780 0
2 4986 0
2 5365 0
2 5317 0
2 6538 0
2 6599 0
2 6767 0
2 6922 11
2 6976 7
2 7003 17
2 7026 21
2 7047 21
2 7254 21
2 7763 0
2 7801 0
2 8512 0
2 8742 21
2 9120 21
2 9146 21
2 9179 5
2 9233 0
2 9267 0
2 9497 0
2 9714 21
Amal Dokkar El Hamoudi
ESP
68
2 4036 0
2 3998 0
2 3681 0
1 559 100
2 4868 0
2 4988 15
2 5125 15
2 5757 0
2 5869 0
2 5900 15
2 6189 44
2 6567 0
2 7340 26
2 7374 24
2 7403 25
2 7456 25
2 7505 24
2 7539 22
2 7584 27
2 7637 26
2 7682 39
2 7703 26
2 7740 39
2 7787 44
2 7924 0
2 7990 39
2 8107 44
2 8288 44
2 8319 27
2 8400 27
2 8619 44
2 8648 0
2 8685 27
2 8725 28
2 8760 23
2 8793 27
2 8910 44
2 9102 26
2 9147 44
2 9230 26
2 9278 24
2 9333 46
2 9357 50
2 9379 49
2 9406 51
2 9467 49
2 9528 50
2 9584 49
2 9722 53
2 9689 48
2 9656 47
2 9783 55
2 9845 49
2 9905 57
2 9966 50
2 10028 53
2 10090 59
2 10151 57
2 10334 55
2 10273 52
2 10213 50
2 10396 60
2 10471 60
2 10532 0
2 10598 0
2 10635 50
2 10691 52
2 10749 52
Adriana Aguiló Martínez
ESP
16
1 2056 100
1 1943 0
1 1362 0
2 5900 15
2 6982 15
2 7683 0
2 7746 47
2 8520 48
2 8554 59
2 8589 57
2 9539 53
2 9581 40
2 9603 51
2 10381 55
2 10238 55
2 10410 50
Eulàlia Gaya Bretones
ESP
16
1 1242 30
1 6045 0
1 6220 0
1 6411 100
2 8599 0
2 8626 0
2 8835 0
2 8928 73
2 9555 66
2 10069 0
2 10106 0
2 10150 68
2 10166 73
2 10198 73
2 10327 0
2 10412 65
Lovisa Diding
SWE
10
1 2237 100
1 1783 21
1 1716 21
1 1046 21
2 7714 0
2 7862 0
2 7962 0
2 9005 0
2 9762 0
2 10273 0
Ellinor Klara Åhlander
SWE
3
1 3442 100
2 10135 0
2 10230 0
Jiachen Mi
SWE
1
1 1944 100
Sofie Fu
SWE
9
1 3229 100
2 5782 17
2 5842 26
2 9639 0
2 10463 0
2 10555 0
2 10651 74
2 10731 0
2 10765 0
Jasmin Studer
CHE
46
1 4489 0
1 4444 0
1 4402 0
2 3635 54
2 3602 0
2 3572 50
2 3546 44
2 3454 44
2 3189 0
2 3026 44
2 2698 17
2 2667 17
2 2554 0
2 2454 0
2 2167 0
2 2101 0
2 2003 0
2 1654 0
2 1555 0
2 1348 0
2 1284 0
1 565 100
2 4958 0
2 5157 0
2 5380 0
2 7000 42
1 7280 0
2 7421 0
2 8316 42
2 8497 53
2 8457 44
2 8413 62
2 8566 42
2 8600 50
2 8663 52
2 8720 43
2 8897 58
2 8964 62
2 9019 52
2 9747 53
2 9707 55
2 9675 59
2 9633 55
2 9779 49
2 10083 55
2 10114 53
Vivienne Burckhardt
CHE
15
2 4706 0
2 4660 0
2 4616 0
2 3421 78
2 3354 73
2 3209 0
2 2717 35
2 2397 32
2 2294 0
2 2071 0
1 492 100
2 4939 78
2 6709 78
2 8751 92
2 8966 91
Hannah Oss
CHE
75
2 4715 48
2 4682 47
2 4478 0
2 4423 44
2 3112 22
1 3102 0
2 3065 22
2 3053 10
2 3045 14
2 3031 24
2 3016 21
2 2998 25
2 2982 16
2 2965 21
2 2946 17
2 2580 26
2 2486 20
2 2331 26
2 2232 17
2 2211 17
2 2191 17
1 1458 0
1 1415 0
1 1242 0
1 1211 0
1 1177 0
1 1122 100
1 1089 100
1 1054 100
1 970 100
1 943 100
1 895 100
1 830 0
1 749 100
2 4786 36
2 4767 53
2 4746 50
2 4815 47
2 4837 49
2 4859 40
2 4879 47
2 4898 47
2 5381 53
2 5455 51
1 5658 0
1 5695 0
1 5759 0
1 5905 0
1 5962 100
2 6245 47
2 6603 0
2 6671 43
2 6702 45
2 6752 43
2 6775 53
2 6803 51
2 6825 53
2 6847 46
2 6873 56
2 6922 47
2 6910 52
2 6947 48
2 6994 0
2 7036 47
2 7099 47
2 7291 56
2 7391 0
2 7520 55
2 7589 44
2 7650 51
2 9089 0
2 9304 0
2 9414 0
2 9515 0
2 10060 0
Meng Hongjia
CHE
21
1 2585 100
1 2570 0
1 2555 0
1 2540 0
1 2522 0
1 2493 100
1 2470 100
1 2437 100
1 2379 100
1 2350 0
1 2304 0
1 2230 100
1 2190 100
1 2156 0
1 1983 100
2 5728 17
2 6227 0
2 6399 23
2 6454 23
2 6852 23
2 7669 0
Ilef Ben Rahma
TUN
7
2 4598 0
2 4423 0
2 2654 0
1 2231 100
1 2097 0
1 1464 21
2 5415 0
Hiba Khalil
TUN
12
1 2462 0
2 5701 0
2 7428 0
1 8160 21
1 8626 100
2 8951 0
2 9326 0
2 9729 0
2 9841 0
2 9928 0
2 10060 0
2 10252 0
Duru Ozer
TUR
40
2 4085 88
2 3916 87
2 3894 87
2 3819 22
2 3699 88
2 3666 88
2 2119 19
2 2084 17
2 2057 16
2 2040 20
2 2019 19
2 1983 21
2 1952 26
2 1331 17
2 1098 17
1 402 0
1 375 0
1 354 100
2 5618 84
2 5654 73
2 5692 74
2 5729 76
2 5712 72
2 5748 82
2 5766 70
2 5784 61
2 5802 60
2 5821 65
2 5843 48
2 5861 49
2 5889 88
2 5975 83
2 6077 85
2 6177 75
2 6417 72
2 6494 81
2 7090 49
2 7124 52
2 7144 32
2 7167 0
Bergüzar Yürüm
TUR
28
2 4313 24
2 2524 17
2 2493 21
2 2442 15
2 2366 17
2 1481 0
2 1208 0
1 628 100
1 609 0
2 4780 24
2 4802 0
2 4834 25
2 4924 0
2 4954 19
2 4998 22
2 5015 22
2 5082 0
2 5253 26
2 5392 26
2 5426 23
2 5469 26
2 5491 30
2 5515 26
2 5536 17
2 5597 17
2 5686 20
2 5734 21
2 5794 26
Elif Basak Keles
TUR
26
2 3584 16
2 3367 17
1 2583 100
1 2542 0
1 2158 21
1 1928 21
1 1495 21
1 805 21
2 4846 0
2 6047 17
2 6220 26
2 6304 12
2 6518 26
2 6553 20
2 7042 0
2 7178 0
2 8473 19
2 9591 73
2 10061 0
2 10137 0
2 10317 0
2 10220 0
2 10409 73
2 10618 73
2 10662 0
2 10726 73
Nehir Karatopcu
TUR
32
2 4675 76
2 4554 75
2 4091 69
2 3861 0
2 3144 67
2 2835 67
2 2769 67
1 1348 100
2 5098 76
2 5238 70
2 5393 77
2 5433 75
2 5649 75
2 5903 77
2 5946 79
2 6020 75
2 5996 79
2 7325 0
2 7384 79
2 7575 0
2 7723 0
2 9012 0
2 9351 0
2 9379 0
2 9424 79
2 9581 0
2 9919 0
2 9987 0
2 10095 76
2 10132 70
2 10302 0
2 10626 0
Olha Volianyk
UKR
1
1 992 100
Daryna Karpenko
UKR
12
2 3886 73
2 3851 69
2 3765 14
2 3714 0
2 2770 70
2 2668 73
2 2339 64
2 2311 73
2 1965 70
2 1915 0
2 1801 74
1 258 100
Alisa Potomkina
UKR
11
2 4469 37
2 1679 17
1 1215 100
1 722 21
1 434 21
2 6661 0
2 6557 0
2 6811 37
2 6987 0
2 6936 45
2 7053 32
Daria Lobas
UKR
4
1 792 100
2 9519 0
2 9587 0
2 9804 17
Julia Volovich
GBR
7
2 4553 0
1 3749 100
1 1009 0
2 5401 0
2 5460 0
2 5564 17
2 10701 0
Nanako Ueda
GBR
9
2 3647 22
1 2573 0
1 2518 0
1 2419 100
2 6613 0
2 7128 73
2 7647 71
2 8004 0
2 9025 73
Maria Chrysafis
USA
19
2 4100 38
2 4077 43
2 4020 37
2 3831 0
2 3796 0
2 3737 0
2 3695 0
1 1724 100
2 6477 43
2 6641 0
2 6612 0
2 6722 0
2 6757 0
2 7137 0
2 7851 73
2 8108 0
2 8243 82
2 10211 82
2 10374 83
Tina Wang
USA
65
2 4587 11
2 4561 0
2 4448 11
2 4416 11
2 4305 14
2 4171 19
2 3950 22
2 3766 24
2 3686 17
2 3652 11
2 3603 0
2 3528 11
2 3448 11
2 3335 3
2 3197 0
2 2573 17
2 2524 0
1 1540 100
1 985 30
1 570 21
2 4755 0
2 4861 19
2 4918 16
2 5098 25
2 5133 20
2 5167 26
2 5547 17
2 5564 22
2 5589 16
2 5610 20
2 5874 20
2 5909 17
2 5891 17
2 5927 19
2 5987 23
2 5966 22
2 6189 17
2 6206 20
2 6224 21
2 6244 20
2 6265 20
2 6612 0
2 6565 0
2 6877 16
2 6904 21
2 7747 0
2 7888 29
2 7776 0
2 7944 19
2 8161 16
2 8543 18
2 8574 17
2 8559 14
2 8602 16
2 8674 21
2 8656 22
2 8851 23
2 8876 18
2 9106 14
2 9090 25
2 9073 21
2 9001 21
2 9181 20
2 9197 20
2 9215 18
Luoluo (Christina) Li
USA
11
2 3514 26
2 3330 17
1 1036 100
2 4820 19
2 4885 21
2 4989 23
2 5408 73
2 6549 60
2 6621 73
2 6873 67
2 7026 0
Yeyin (Eva) Zhu
USA
17
2 4711 0
2 4168 0
2 2782 0
2 2574 39
2 2293 27
2 948 17
1 629 100
2 5724 31
2 5864 39
2 6549 32
2 6616 82
2 7420 0
2 7599 58
2 7622 82
2 9482 0
2 9679 100
2 9639 98
Jelizaveta Deņisova
LVA
10
1 1658 100
1 1599 0
2 9355 0
2 9456 0
2 9822 0
2 10112 17
2 10199 26
2 10486 0
2 10563 0
2 10696 26
Diāna Stecka
LVA
3
1 7127 30
1 9208 30
2 10235 17
Anete Gūtmane
LVA
6
1 3158 100
1 3000 0
1 2658 0
1 1956 0
1 1788 0
1 1675 0
Ramona Poreitere
LVA
12
1 1385 100
1 1301 0
2 9196 0
2 9248 0
2 9346 21
2 9403 21
2 10448 0
2 10474 17
2 10517 17
2 10562 26
2 10638 17
2 10694 20
